2.172185713052749545e+00
1.877635866403579712e+00
1.746491277217864901e+00
1.660303878784179732e+00
1.554213094711303755e+00
1.499523335695266635e+00
1.472187560796737626e+00
1.400898385047912642e+00
1.331550866365432739e+00
1.305803018808364913e+00
1.270313793420791537e+00
1.234729564189910977e+00
1.209190165996551602e+00
1.185367000102996782e+00
1.123788398504257158e+00
1.089048755168914751e+00
1.123824837803840682e+00
1.063563406467437744e+00
1.024267905950546176e+00
9.956101089715957420e-01
9.590860843658447488e-01
9.590658009052276389e-01
9.224550515413284524e-01
9.255019634962081687e-01
8.706620007753371748e-01
8.487677484750747459e-01
8.630812525749206321e-01
8.321535438299179077e-01
7.960632830858230813e-01
7.461169451475143655e-01
7.760525673627853838e-01
7.780818045139312744e-01
7.427021652460098489e-01
7.442295342683792336e-01
7.095855355262756792e-01
7.183146923780441284e-01
7.090474277734756248e-01
6.700120180845260398e-01
6.593464404344558938e-01
6.263341605663299561e-01
6.517579644918441995e-01
6.574312061071395652e-01
6.346692115068435225e-01
6.223550826311111672e-01
5.989358142018318398e-01
6.368667930364608765e-01
6.100927829742431863e-01
5.681818187236785667e-01
5.563452571630478349e-01
5.543994992971420510e-01
5.620648309588431868e-01
5.769982084631919417e-01
5.601541101932525635e-01
5.369945332407951577e-01
5.287289828062057273e-01
5.435973614454269187e-01
5.287703454494476762e-01
5.121078759431838545e-01
5.080743357539176941e-01
4.919549584388732688e-01
4.904882729053497425e-01
4.880018219351768272e-01
5.044600859284400496e-01
4.934506684541702382e-01
4.707083195447921975e-01
4.954284802079200745e-01
4.634274989366531372e-01
4.658957496285438538e-01
4.300496146082878335e-01
4.421244159340858570e-01
4.447165697813034169e-01
4.503347381949424633e-01
4.460176363587379234e-01
4.261597111821174844e-01
4.405896291136741638e-01
4.326718822121620178e-01
4.136059731245040894e-01
4.116860538721084373e-01
3.991170361638068931e-01
3.904058411717414856e-01
4.120488300919532554e-01
4.156743139028549194e-01
4.172953635454177967e-01
3.868790566921234131e-01
4.023323848843574635e-01
3.903723806142807007e-01
3.885164216160774120e-01
3.928243234753608926e-01
3.814846351742744446e-01
3.637849807739257924e-01
3.718718603253364785e-01
3.870204597711562888e-01
3.984437093138694652e-01
3.721181869506836049e-01
3.701558187603950500e-01
3.685578361153602489e-01
3.721620023250579723e-01
3.609389774501323700e-01
3.471121266484260559e-01
3.516146436333656422e-01
3.604328706860542297e-01
3.778483211994171365e-01
3.717396944761276467e-01
3.398464158177375571e-01
3.558637470006942860e-01
3.282477334141731262e-01
3.481590196490287892e-01
3.310022272169589885e-01
3.419557482004165760e-01
3.485228747129440197e-01
3.301573425531387218e-01
3.407787248492241128e-01
3.422610737383365853e-01
3.225126981735229603e-01
3.247563317418098450e-01
3.124726727604866250e-01
3.032352745532989613e-01
3.049358144402504189e-01
2.954846516251564137e-01
2.994004778563976177e-01
3.081296958029270394e-01
3.081041902303695568e-01
2.999583937227726094e-01
3.056438721716404072e-01
2.908932976424694061e-01
2.838985614478587993e-01
2.879218459129333496e-01
2.788309626281261222e-01
2.656200289726257102e-01
2.692085720598697551e-01
2.853966526687145011e-01
3.009465597569942474e-01
2.567241601645946503e-01
2.690100409090518951e-01
2.677890442311763874e-01
2.849543377757072227e-01
2.665813788771629333e-01
2.701338373124599346e-01
2.806353434920311196e-01
2.706329099833965079e-01
2.783945150673389213e-01
2.742800265550613403e-01
2.433379977941513006e-01
2.752805538475513458e-01
2.465058900415897369e-01
2.583409518003463856e-01
2.358529232442378998e-01
2.274734355509281103e-01
2.470148749649524744e-01
2.440249070525169484e-01
2.597723469138145669e-01
2.466169103980064281e-01
2.378365881741046906e-01
2.408631853759288788e-01
2.313266873359680065e-01
2.282209180295467488e-01
2.167755044996738378e-01
2.156898595392703899e-01
2.222447372972965185e-01
2.304035015404224396e-01
2.431987859308719635e-01
2.470550388097763062e-01
2.438754878938197979e-01
2.400681249797344263e-01
2.291840359568595997e-01
2.157812915742397253e-01
2.090758547186851446e-01
2.123307958245277405e-01
2.294747367501258906e-01
2.122939616441726629e-01
1.983162600547075383e-01
2.265461772680282537e-01
2.287293285131454523e-01
2.147040538489818629e-01
2.106681630015373174e-01
2.162886805832386072e-01
2.035929471254348810e-01
1.978829503059387207e-01
2.095520541071891896e-01
2.008039623498916737e-01
1.853056404739618357e-01
1.870243415236473028e-01
2.287411674857139643e-01
1.989380694925785009e-01
1.967716187238693348e-01
1.883936472237110193e-01
1.842849187552929036e-01
1.779630344361066707e-01
1.824449509382247980e-01
1.925032697618007660e-01
1.836710117757320293e-01
1.831149183213710840e-01
1.953895039856433924e-01
1.811127372086048237e-01
1.949099831283092610e-01
1.807255506515502985e-01
1.777385286986827850e-01
1.678653936833143234e-01
1.945833444595336803e-01
1.776644304394721929e-01
1.664661765098571777e-01
1.869774147868156489e-01
1.730411611497402191e-01
1.869107097387313898e-01
1.767706017941236551e-01
1.655406441539525875e-01
1.621995985507965199e-01
1.698792316019535065e-01
1.805880304425954708e-01
1.628763824701309204e-01
1.722026478499174007e-01
1.783117003738880213e-01
1.659587536007166020e-01
1.702614061534404866e-01
1.733032323420047871e-01
1.486080057919025310e-01
1.582407698035240284e-01
1.684395413845777567e-01
1.527521368116140366e-01
1.466207753866911045e-01
1.476460184901952633e-01
1.673016440123319681e-01
1.657336547970771901e-01
1.561192363500595037e-01
1.536281000822782572e-01
1.635072808712720871e-01
1.435560893267393001e-01
1.537808611989021357e-01
1.561672989279031809e-01
1.367241550236940328e-01
1.359482247382402531e-01
1.447482310235500280e-01
1.544257175177335684e-01
1.484667547047138214e-01
1.489853098988533076e-01
1.614768739789724239e-01
1.377239119261503275e-01
1.346434187144041061e-01
1.380310788750648554e-01
1.447318214923143387e-01
1.570077687501907349e-01
1.516675788909196965e-01
1.463835746049881037e-01
1.547685056924819891e-01
1.559615481644868740e-01
1.744293894618749730e-01
1.460916522890329250e-01
1.338125605136156193e-01
1.304978426545858328e-01
1.354190420359372982e-01
1.391588151454925537e-01
1.313959769904613495e-01
1.294343203306198009e-01
1.490045361220836695e-01
1.367116540670395008e-01
1.381534311920404323e-01
1.440574500709771999e-01
1.263104997575283106e-01
1.285472732037305776e-01
1.260508015751838629e-01
1.463675558567047175e-01
1.278346322476863750e-01
1.256609406322240774e-01
1.161424625664949362e-01
1.287693440914154108e-01
1.283543687313795090e-01
1.322479829192161616e-01
1.213832873851060923e-01
1.272307995706796757e-01
1.195481732487678472e-01
1.368860740214586369e-01
1.196263097226619720e-01
1.206849452108144788e-01
1.211734186857938711e-01
1.264921221882104874e-01
1.245187677443027469e-01
1.209383703768253382e-01
1.225698016583919581e-01
1.118367245420813505e-01
1.047348506748676245e-01
1.217333886772394153e-01
1.130597401410341207e-01
9.635929614305496771e-02
1.015562854707241086e-01
1.132988337427377756e-01
1.068815667182207163e-01
1.174389448016881915e-01
1.115890774875879232e-01
1.140728706493973760e-01
1.234630171209573773e-01
1.343279697000980266e-01
1.226177487522363690e-01
1.049815099686384201e-01
9.289440400898456296e-02
1.028026659041643143e-01
1.037293761968612615e-01
1.028223689645528793e-01
1.118644058704376248e-01
9.819895811378956396e-02
1.177074689418077524e-01
1.193340707570314380e-01
1.177172720432281550e-01
1.155875205993652372e-01
1.060948278754949570e-01
1.088862294331192915e-01
1.107207410037517603e-01
9.828342720866203863e-02
9.803639911115169525e-02
1.057491827756166514e-01
1.151129208505153600e-01
1.031979747116565649e-01
1.039981134235858917e-01
9.971060007810592096e-02
9.812752399593591135e-02
8.963202647864818018e-02
9.146039411425591070e-02
9.459545537829398831e-02
8.668566644191741388e-02
8.735237214714289267e-02
1.007179496809840202e-01
1.039373349398374502e-01
9.873401746153831482e-02
9.850182533264159601e-02
1.001626504585146904e-01
1.053422335535287857e-01
9.463483002036809921e-02
9.837215021252632141e-02
9.558170828968286237e-02
1.133571200072765323e-01
9.341538995504379550e-02
1.100008875131607000e-01
9.898692909628152570e-02
8.893477702513337413e-02
9.132850319147109430e-02
1.087351355701684924e-01
1.029011713340878542e-01
9.681128598749637326e-02
9.226293191313743314e-02
1.014324488118290846e-01
8.666010964661836902e-02
9.637788124382495880e-02
9.064349662512541372e-02
7.716098539531231204e-02
8.414984308183193207e-02
9.502172842621803284e-02
9.404963254928588867e-02
9.585905410349368494e-02
9.349976852536201477e-02
1.047939978539943751e-01
9.931128099560737610e-02
9.602770265191792887e-02
8.153771199285983484e-02
9.279314074665308276e-02
8.847607783973217288e-02
9.279389884322881976e-02
1.005221731960773413e-01
9.232821483165025434e-02
8.806064836680889407e-02
8.609503004699944895e-02
9.842838943004608709e-02
9.746596664190292081e-02
8.376706112176179886e-02
8.794126436114310663e-02
8.916374798864126761e-02
1.088718835264444323e-01
8.367610014975071508e-02
7.753489874303340357e-02
6.911820154637098035e-02
7.486381661146879196e-02
7.824398223310709277e-02
8.188148010522126874e-02
7.545190472155809125e-02
8.342790640890598852e-02
8.276038914918899814e-02
8.463853746652602594e-02
8.493804633617400845e-02
8.877857998013496954e-02
8.348755892366170606e-02
7.535523194819689075e-02
8.028235826641320905e-02
8.839104510843753815e-02
9.517989493906497955e-02
8.070028163492679041e-02
8.525083307176828384e-02
7.834101468324661255e-02
9.376189224421978274e-02
7.094341199845075052e-02
8.789132293313742239e-02
8.227882198989391882e-02
8.349042907357215326e-02
7.924541588872671682e-02
7.341242600232363025e-02
7.977978643029928763e-02
8.490598946809768677e-02
7.851751521229743958e-02
7.635460402816533765e-02
8.759775087237357816e-02
7.901520635932683667e-02
6.081659588962793489e-02
6.606794483959674280e-02
6.748112924396991452e-02
6.704889163374901095e-02
5.912839248776435852e-02
6.005522906780243197e-02
6.733893174678087790e-02
6.355934068560600836e-02
7.588744610548019132e-02
7.854472044855356772e-02
7.420520652085542401e-02
7.925839219242333811e-02
8.530547004193067551e-02
8.509510904550551813e-02
8.527063187211751660e-02
8.229997400194406787e-02
8.163965884596109668e-02
8.764651147648691576e-02
8.060640282928943634e-02
7.823268733918667395e-02
8.532247133553028107e-02
7.653032690286636075e-02
9.789671525359153192e-02
7.407109588384627741e-02
6.935843508690595072e-02
5.911578629165888110e-02
6.189793059602379660e-02
6.505876583978534300e-02
6.658504474908114035e-02
7.456599418073892038e-02
6.119901333004236499e-02
7.917518187314272204e-02
7.069084662944077890e-02
7.728701196610927859e-02
8.064375035464763086e-02
7.405290063470601480e-02
6.396387796849012375e-02
7.077456153929233273e-02
8.203522283583879193e-02
7.537243943661450785e-02
7.423322461545467377e-02
7.009287327527999323e-02
6.946864239871501645e-02
7.751888502389192581e-02
6.783511824905871790e-02
6.890471372753381729e-02
6.920436695218086520e-02
6.431633932515978813e-02
7.830410171300172806e-02
7.403418812900781909e-02
5.647488590329885483e-02
5.972250699996948381e-02
5.676274951547384540e-02
6.396321151405573446e-02
7.140947580337524137e-02
7.300904057919979651e-02
7.881265711039305011e-02
7.105578463524579724e-02
6.539951395243406851e-02
7.393617425113915842e-02
7.598144914954900464e-02
6.975060887634754181e-02
7.464199773967265805e-02
7.809074595570564270e-02
7.167212050408125479e-02
7.594601716846227646e-02
6.995029449462890347e-02
7.488018572330475131e-02
6.393359359353781302e-02
6.591837704181671698e-02
7.447529807686806280e-02
6.535706967115402499e-02
6.799251344054937918e-02
5.777270086109638492e-02
6.490907911211252213e-02
6.911758258938789645e-02
7.751603126525878629e-02
8.381876153871417601e-02
6.835903655737637918e-02
6.983766881749034483e-02
6.990315262228249948e-02
7.026153821498155871e-02
6.532657630741596499e-02
6.083510359749198099e-02
5.441966736689209799e-02
5.493395747616887370e-02
6.950147598981856745e-02
6.666834149509667795e-02
5.419525597244501114e-02
5.373622775077820102e-02
6.212138161063194414e-02
7.146026799455285072e-02
6.974510550498962125e-02
7.066772263497114737e-02
5.524398218840360919e-02
5.244745621457695683e-02
6.554488781839609701e-02
5.539543330669403215e-02
6.355647817254066190e-02
6.712190788239240369e-02
7.133321315050125677e-02
6.712419958785176277e-02
6.520760692656039914e-02
7.033958341926335733e-02
6.686578607186674517e-02
6.493778638541698733e-02
7.632879894226789197e-02
8.135021384805440903e-02
8.018476068973541537e-02
7.694576643407344263e-02
7.407369222491980154e-02
6.836290527135133188e-02
8.361177947372197550e-02
7.286049090325832922e-02
7.353251334279775620e-02
7.566980198025703708e-02
8.328010197728871744e-02
8.033097339794040281e-02
6.943029109388590414e-02
5.878274338319897790e-02
6.876673940569162646e-02
6.193119008094072342e-02
6.616565044969320575e-02
7.038473822176456729e-02
7.259890008717775900e-02
7.297460176050662994e-02
7.428233902901411334e-02
8.006603419780730646e-02
6.932445243000984192e-02
6.863628793507814407e-02
6.378647480159997663e-02
6.738940104842186529e-02
6.669427305459976751e-02
7.212882600724697391e-02
6.833342574536800662e-02
7.270976025611161631e-02
6.788121759891510565e-02
7.153058145195245743e-02
6.021842677146196227e-02
6.215514671057462831e-02
6.545890104025602063e-02
7.338926475495100021e-02
6.484211962670087537e-02
6.610751375555992682e-02
6.336473915725945871e-02
7.026187889277935028e-02
5.896562049165367941e-02
6.881755478680133542e-02
5.622637551277875900e-02
5.845466181635856906e-02
5.953402863815426826e-02
5.923308767378330369e-02
5.274123586714267453e-02
5.738865844905376157e-02
5.949081853032112122e-02
6.136292349547147612e-02
5.610417164862156053e-02
6.352899242192507068e-02
5.176315112039446553e-02
5.310322241857647757e-02
4.664050834253430367e-02
5.206914898008108139e-02
5.442561050876974782e-02
6.015377361327409883e-02
5.922921635210513791e-02
6.758498046547174731e-02
6.066975723952054700e-02
6.154749915003776550e-02
7.171538956463337222e-02
7.143673636019229334e-02
6.835077535361051837e-02
6.931291576474904459e-02
6.839611437171697061e-02
6.665127510204911510e-02
7.107687694951891899e-02
7.465881854295730591e-02
7.685096729546785077e-02
7.783213779330253046e-02
7.880481816828251163e-02
7.431425340473651886e-02
8.461123388260602396e-02
8.521132282912731448e-02
8.358322009444237033e-02
8.478454817086458761e-02
8.349861335009337027e-02
7.987581975758076269e-02
7.062988784164189737e-02
6.664263252168893537e-02
5.742218121886253496e-02
5.979469511657953262e-02
5.948570184409618378e-02
6.686864756047725122e-02
5.420999787747859955e-02
6.086286362260580340e-02
6.578202843666076938e-02
6.838277205824852545e-02
6.252564061433077414e-02
5.463691558688878874e-02
5.158751178532838821e-02
6.056986590847372731e-02
5.667495047673583308e-02
5.505163846537471095e-02
6.593552175909281332e-02
5.720705082640051981e-02
6.192538067698478976e-02
6.461589019745588025e-02
6.451039826497435847e-02
6.480312813073396683e-02
6.508020851761102399e-02
7.593171130865812579e-02
7.274263408035039347e-02
7.550682350993156988e-02
6.680621001869439801e-02
5.427483674138784686e-02
5.695010628551244736e-02
4.960076492279767713e-02
5.656726639717817029e-02
5.710551030933856687e-02
5.644712513312697549e-02
5.210947673767805238e-02
5.679002888500690738e-02
6.100639607757329941e-02
5.704636471346020976e-02
6.028024414554238042e-02
5.817724214866757532e-02
6.229005195200443268e-02
5.851290412247180800e-02
5.095024071633815627e-02
4.838349930942058286e-02
7.362768817692995349e-02
7.091510817408561151e-02
7.637913059443235397e-02
6.686234343796967905e-02
6.557972328737378398e-02
5.659376326948404451e-02
5.548220556229353090e-02
5.596707593649626056e-02
5.227917544543743411e-02
5.067271078005432944e-02
6.093980092555284500e-02
5.823736861348152022e-02
5.352170597761869708e-02
5.599271450191736083e-02
6.729228980839252472e-02
6.375588430091738701e-02
6.749267792329191606e-02
6.250170506536960324e-02
5.804080618545413156e-02
7.081494741141795835e-02
6.503755599260330200e-02
6.422331370413303375e-02
6.267467644065619070e-02
5.644211675971746306e-02
7.713897079229355136e-02
6.448542140424251556e-02
6.395138865336776057e-02
7.183419056236743649e-02
6.274187546223401746e-02
5.307402377948165079e-02
6.086985487490892410e-02
5.468425266444683353e-02
5.137918265536427220e-02
6.337399613112211505e-02
6.580171417444943827e-02
7.578140916302800179e-02
6.346595287322998047e-02
5.721462350338697711e-02
5.595950372517109056e-02
6.005700137466192523e-02
5.301003884524106702e-02
5.373463565483689586e-02
5.294646257534622869e-02
6.556732337921858389e-02
6.586900614202022275e-02
6.514598242938518524e-02
6.827589124441146851e-02
6.289108069613576213e-02
6.619104556739330292e-02
6.239138115197419981e-02
6.430888362228870392e-02
5.995367970317602019e-02
6.466728169471025467e-02
6.671366877853870947e-02
6.397211682051420767e-02
5.772172501310705861e-02
5.280064549297094206e-02
4.919669525697827062e-02
5.650591431185603142e-02
6.034163935109972815e-02
5.755130276083945950e-02
6.845775023102759760e-02
6.254030056297779638e-02
6.705272402614355365e-02
7.696166597306727808e-02
8.079362679272890368e-02
7.206868156790732782e-02
6.149580441415310184e-02
7.141768280416727066e-02
6.071421634405851225e-02
6.463770102709531784e-02
6.705838236957788190e-02
8.137238752096891126e-02
7.216263394802809039e-02
5.582509147934615334e-02
5.765915848314762115e-02
5.437936717644333701e-02
5.710458699613809447e-02
5.178207103163003783e-02
5.694680307060480395e-02
5.059397630393504958e-02
4.816503496840596199e-02
5.230633337050676068e-02
5.210578991100191931e-02
4.570114221423864087e-02
4.113407293334603310e-02
4.718720903620123724e-02
5.353985410183668275e-02
5.304376445710658888e-02
5.689619192853569846e-02
5.973643586039543291e-02
6.034005414694547376e-02
6.237504519522189816e-02
7.009341660887002945e-02
7.053087372332811356e-02
6.405382333323358934e-02
6.035402864217757901e-02
7.276022993028163910e-02
7.547234948724508563e-02
6.334944851696491797e-02
6.804369688034057895e-02
6.332024885341525078e-02
6.983141675591468533e-02
6.025720667093992233e-02
5.704061724245548110e-02
4.963741041719913621e-02
5.419948222115635733e-02
5.256012128666043282e-02
5.183381028473377228e-02
5.128684081137180328e-02
5.702788606286048750e-02
5.479285027831792831e-02
5.027493629604577741e-02
4.802172575145959715e-02
4.730837931856513023e-02
4.089405499398708621e-02
4.438496390357613702e-02
5.292606176808476587e-02
4.672298738732934276e-02
5.153328366577625275e-02
5.435952506959438463e-02
5.908391512930392941e-02
5.343819875270128250e-02
4.816369423642754416e-02
5.202291253954172134e-02
4.446871159598231316e-02
5.009557483717799048e-02
6.120600393041968068e-02
5.893937563523650447e-02
6.025059241801500320e-02
6.281124018132686060e-02
6.952203232794999799e-02
6.998237110674380979e-02
6.154039464890957017e-02
6.996660530567169745e-02
7.154344394803047180e-02
8.096606843173503876e-02
9.172685462981462756e-02
7.866842523217201788e-02
7.912613768130541403e-02
7.476235739886760712e-02
8.452112600207328796e-02
6.791671253740787229e-02
6.773403845727443695e-02
6.250698855146766264e-02
6.173061924055218974e-02
6.426550429314374646e-02
6.005674712359905520e-02
7.814358472824096957e-02
5.823682341724634171e-02
5.801747459918260574e-02
5.810630414634943008e-02
5.701493239030241966e-02
5.171761130914091786e-02
5.694314390420913974e-02
5.409342935308814049e-02
4.415903794579208175e-02
5.121275167912244658e-02
5.104896174743771275e-02
4.850946795195341249e-02
6.272036023437976837e-02
5.788210704922676364e-02
4.764284882694482665e-02
5.562675986438989778e-02
4.812973998486995419e-02
5.101621355861425677e-02
4.964974476024508476e-02
6.208446817472577234e-02
6.398697076365351954e-02
5.805248636752367158e-02
7.382971290498971384e-02
7.330016605556011200e-02
6.950553748756646555e-02
6.886719185858965198e-02
6.985136810690165121e-02
6.356637645512819290e-02
5.095145525410771370e-02
4.714502003043889722e-02
5.230685286223888536e-02
5.226501505821943422e-02
5.656763361766934534e-02
5.486063016578555246e-02
4.804732166230678281e-02
4.573606420308351517e-02
5.505433771759271622e-02
5.452193142846226831e-02
4.958781423047185083e-02
5.463976627215742787e-02
5.166728375479578972e-02
4.414717797189950804e-02
4.415628258138894896e-02
4.993939008563756665e-02
4.868011418730020662e-02
5.427178302779793462e-02
4.948334917426109453e-02
5.687543796375393867e-02
6.586892092600464543e-02
5.892695933580398282e-02
5.659446362406015535e-02
5.601094588637352267e-02
5.644743498414754590e-02
6.149562392383813719e-02
6.319336630403996069e-02
5.958580728620290617e-02
6.784719768911599835e-02
8.278511408716440756e-02
7.662202585488557538e-02
6.652701282873749178e-02
8.051211349666118067e-02
9.012443404644727984e-02
6.470276620239019671e-02
5.241324398666620532e-02
4.584329761564731598e-02
5.637202514335513254e-02
4.711624216288327893e-02
4.875951968133449693e-02
5.677395155653357228e-02
5.696858698502182961e-02
5.905714984983205518e-02
5.892994403839111467e-02
6.222416199743747989e-02
6.023685913532972336e-02
5.064430339261889735e-02
6.178815253078937669e-02
5.950576104223728041e-02
7.250226158648728769e-02
7.865603081881999969e-02
6.414145128801465590e-02
6.895257253199815750e-02
6.623321333900093755e-02
5.497665274888276915e-02
6.102688079699873647e-02
5.333475880324840823e-02
4.896146580576896806e-02
4.176707956939935962e-02
5.193411139771342278e-02
5.189688112586736402e-02
5.283476458862423897e-02
5.591544248163700381e-02
4.480984192341565947e-02
4.489438328891992569e-02
4.909994043409824510e-02
4.316652519628405571e-02
3.604843448847531995e-02
5.301992967724800110e-02
4.882716741412877759e-02
4.492987375706434389e-02
4.120916323736310144e-02
4.725566618144512454e-02
4.396528489887714664e-02
4.234270886518061439e-02
5.227040033787488937e-02
4.924511043354869166e-02
4.771112026646733006e-02
5.477762538939714293e-02
5.975658800452947339e-02
6.310622133314609805e-02
5.879798438400030136e-02
5.629782918840646466e-02
6.790459975600242337e-02
8.274724837392569143e-02
6.248456835746764998e-02
7.512143868952989023e-02
8.253034846857190687e-02
8.182307705283164978e-02
7.418037224560976306e-02
6.625120490789412897e-02
7.199694924056529444e-02
8.639448676258325299e-02
6.966339740902185995e-02
6.256145704537630081e-02
6.584816761314868372e-02
5.350082926452159882e-02
5.597485657781362672e-02
4.351826868951320926e-02
4.675377290695905547e-02
4.711550809442997118e-02
5.752612696960568428e-02
5.967696048319339613e-02
5.547578567638992986e-02
5.408733822405338565e-02
5.205752141773700714e-02
5.681756082922220091e-02
5.129737555980682512e-02
4.588656015694141110e-02
4.236692525446415086e-02
4.128552265465259413e-02
5.177158303558826447e-02
4.545414308086037636e-02
5.176756763830780983e-02
5.165692865848540982e-02
4.682272835634648800e-02
5.018626209348440309e-02
5.341103747487067899e-02
5.777746886014938077e-02
4.619973357766866962e-02
4.461601115763187686e-02
5.673596356064081192e-02
5.621256697922945300e-02
5.527304299175739288e-02
5.719107324257492742e-02
5.768559761345386228e-02
6.093135168775916377e-02
5.397936804220080514e-02
5.640956927090882977e-02
5.765954572707414350e-02
5.082104122266173363e-02
4.590991055592894693e-02
5.671310406178235730e-02
5.934895575046539307e-02
3.896308979019522806e-02
4.607909591868519783e-02
5.937118446454405646e-02
7.023958861827850342e-02
6.510105719789863188e-02
7.477609217166900080e-02
6.994013357907533091e-02
8.233065344393253326e-02
7.859663125127554217e-02
6.425888258963823041e-02
7.680055163800716955e-02
6.440592072904109677e-02
5.982718961313367168e-02
5.554925976321101189e-02
5.775381084531545917e-02
5.052260942757129392e-02
5.437831077724695344e-02
5.001231133937835555e-02
4.578507030382752280e-02
4.726699581369757375e-02
4.578631324693560600e-02
4.012558786198496680e-02
3.722295826300978799e-02
4.071204662322998324e-02
4.294934216886758804e-02
4.513975139707326889e-02
4.599969824776053290e-02
3.947529606521129469e-02
3.696733186952769895e-02
3.195419730618596216e-02
3.575206650421023508e-02
4.310325765982270241e-02
4.187221424654126445e-02
5.318039543926715573e-02
4.866009987890720229e-02
5.684959255158901492e-02
5.888944920152425905e-02
5.765356067568063597e-02
5.541501082479953488e-02
6.877180002629756927e-02
7.282400708645582477e-02
7.326767146587372104e-02
6.665321178734302798e-02
6.528559280559420586e-02
7.194336578249931058e-02
7.449295576661825458e-02
7.917101848870515546e-02
6.908265445381403524e-02
7.091416995972395221e-02
6.921512205153704245e-02
6.041132817044854442e-02
5.348633257672190389e-02
6.692748703062534332e-02
7.619916256517171582e-02
6.742250192910433093e-02
6.275704931467770975e-02
4.940901473164558549e-02
5.011755898594856540e-02
4.329299088567495346e-02
3.908572876825928966e-02
4.700611131265759746e-02
4.484757641330361366e-02
4.266376914456486424e-02
4.431449891999363760e-02
4.962072791531681876e-02
5.269246501848101616e-02
4.679470723494887074e-02
4.938705069944262366e-02
4.214731054380536218e-02
4.190904442220926007e-02
4.914292469620704790e-02
5.053427871316671510e-02
4.808008852414787093e-02
6.218851599842310091e-02
6.166375502943992337e-02
5.513996323570609370e-02
4.967341953888535638e-02
4.207266503944993158e-02
4.216818027198314389e-02
4.314895039424300471e-02
4.994375109672546248e-02
5.926279388368129591e-02
5.834576031193137308e-02
5.058526331558823447e-02
5.699957683682441850e-02
5.818917704746127267e-02
5.787466038018464903e-02
6.050836052745580534e-02
5.717408508062362532e-02
5.918241199105978012e-02
5.887283477932214737e-02
6.053157579153776308e-02
5.464890897274017612e-02
5.376805188134312768e-02
5.942480973899364610e-02
5.363033832982182225e-02
6.901488825678825378e-02
6.454889550805091580e-02
5.542437164112925391e-02
5.544655071571469307e-02
4.996859263628720960e-02
4.508193498477339883e-02
4.583662534132600108e-02
4.567476334050298015e-02
6.688059978187084476e-02
5.167703656479716301e-02
5.495543750002980510e-02
5.619660317897796908e-02
6.048728665336966515e-02
5.910431183874607225e-02
5.532005131244659146e-02
6.139817927032709122e-02
6.461704857647418421e-02
6.994848223403096754e-02
7.138368859887123108e-02
7.068002093583344858e-02
7.032067626714706698e-02
5.618536528199911256e-02
5.755569543689489226e-02
5.714276526123285294e-02
5.625448087230324606e-02
5.124573726207017760e-02
4.727681851945817609e-02
4.852717453613877158e-02
5.238297674804925919e-02
4.257354391738772670e-02
5.293103614822029790e-02
4.759832452982663831e-02
4.096428537741303444e-02
4.140331242233515063e-02
4.358697105199098309e-02
5.355307376012206216e-02
4.633221300318837027e-02
4.877866832539438924e-02
4.817249188199639043e-02
5.308250673115253587e-02
5.520747499540448050e-02
5.603360524401068687e-02
5.130650540813803950e-02
4.766629599034786363e-02
5.237037846818566600e-02
5.619978066533803940e-02
5.129575775936245918e-02
5.160727053880691251e-02
5.689330492168664932e-02
5.466941110789776126e-02
4.038461381569504599e-02
4.796436941251158714e-02
4.410310713574290553e-02
4.827472148463129997e-02
5.330880526453256329e-02
4.237867444753647128e-02
5.070631587877869745e-02
6.456174962222575864e-02
6.031545279547571858e-02
5.843010377138853351e-02
5.481830397620797435e-02
6.627809926867485324e-02
5.858876071870326718e-02
5.541238375008106232e-02
6.349073350429534912e-02
5.352129852399230281e-02
5.798693913966417035e-02
6.743445154279470444e-02
6.707399282604456503e-02
5.834794919937848906e-02
6.126128593459725241e-02
5.812914129346609393e-02
6.082541029900312424e-02
5.643488895148039003e-02
5.616012755781411847e-02
5.432898597791790962e-02
5.612740889191627364e-02
6.012319792062044421e-02
4.955730773508548737e-02
4.899504538625478606e-02
5.178835568949580193e-02
4.807912707328796525e-02
5.723866596817970415e-02
5.205345703288912634e-02
4.850154463201761246e-02
5.767633114010095596e-02
5.728106545284390727e-02
5.020032674074172835e-02
5.063058566302060942e-02
6.004154654219746867e-02
5.785146486014127593e-02
5.328208422288298329e-02
5.459724180400371552e-02
5.649798661470413486e-02
5.995511841028929034e-02
6.192768197506666461e-02
6.103654988110065321e-02
5.219670273363589963e-02
4.929734701290726384e-02
4.637543726712465425e-02
5.935365734621882161e-02
5.591110372915863991e-02
5.591665897518396239e-02
5.130882384255528589e-02
5.916538443416356763e-02
6.579613517969847003e-02
6.449447292834520340e-02
6.980812661349773685e-02
6.604721434414387304e-02
6.427408102899789810e-02
6.607071254402399618e-02
6.856569033116102774e-02
6.555104479193687994e-02
6.687780469655990601e-02
6.324303587898612300e-02
5.989937810227274895e-02
5.142325367778539935e-02
4.940075264312326908e-02
6.423834599554538449e-02
5.182629507035017152e-02
5.144774960353970528e-02
4.931169217452406606e-02
4.738421998918056210e-02
4.894481189548969408e-02
4.734017634764313420e-02
4.734982158988713941e-02
4.033344294875860353e-02
4.418464982882142067e-02
4.017602745443582535e-02
4.155029207468032698e-02
4.805362010374665538e-02
4.572411663830280165e-02
4.838070645928382874e-02
5.185738373547792157e-02
4.509194958955049792e-02
5.065171122550964078e-02
4.052272737026214877e-02
3.961654789745807509e-02
4.377487590536475320e-02
4.448097757995128632e-02
5.119074964895844321e-02
5.514387991279363910e-02
5.167976068332791328e-02
5.428773332387208661e-02
4.574107686057686528e-02
4.747562315315008441e-02
4.597863387316465655e-02
4.001990044489502768e-02
4.019533870741724690e-02
4.925473304465412955e-02
5.304749729111790657e-02
4.765507271513343135e-02
4.984745010733604431e-02
4.503710065037012239e-02
5.096232136711478095e-02
5.666386410593986234e-02
5.534550854936241826e-02
5.485023455694317679e-02
5.441706106066703658e-02
5.136544872075319429e-02
5.661596497520804405e-02
5.419191429391503195e-02
5.659950058907270432e-02
7.279913667589425763e-02
5.836064852774143497e-02
6.868647886440157335e-02
7.210986986756325046e-02
6.747289486229419986e-02
7.364980522543192187e-02
6.672284025698900500e-02
7.996547594666481018e-02
8.331292811781168539e-02
6.449142638593911847e-02
6.455451305955647867e-02
5.817936528474092206e-02
5.512002268806100169e-02
4.339589141309261461e-02
4.083596309646964073e-02
3.782184412702917914e-02
4.026299156248569489e-02
4.085033806040883064e-02
3.821793785318731984e-02
3.844589320942759514e-02
4.278845931403339048e-02
3.897326821461320062e-02
4.263051305897534032e-02
4.843499381095171114e-02
4.610183229669928551e-02
4.704205030575394492e-02
4.561335574835538587e-02
4.323052270337938985e-02
4.623983791097998480e-02
4.561412269249558171e-02
4.207147257402539531e-02
4.262406453490256986e-02
4.367961278185248514e-02
4.401001883670687537e-02
4.390139281749725481e-02
4.686503093689679822e-02
4.760500350967049321e-02
4.488839227706194202e-02
4.020516891032457213e-02
5.300852805376052995e-02
4.860618840903043608e-02
5.336605794727802138e-02
5.547375809401274005e-02
6.159154567867517610e-02
6.579704936593770703e-02
7.309052618220449049e-02
7.362359166145324152e-02
6.989958221092820723e-02
6.131677124649285993e-02
6.024807319045066833e-02
6.106654945760965625e-02
5.866553429514169415e-02
6.056862901896238605e-02
5.438493983820080757e-02
5.399098917841911593e-02
5.653979107737541060e-02
5.192156201228499690e-02
5.650044754147529741e-02
5.503965513780713359e-02
5.161278853192925731e-02
6.310814879834651669e-02
5.352468034252524237e-02
4.118815362453460971e-02
4.783597048372030536e-02
4.670816538855433742e-02
4.877827866002917151e-02
4.931405177339911322e-02
5.031792595982551713e-02
4.881850155070423941e-02
5.147894173860549649e-02
5.107824634760618071e-02
5.718161994591355185e-02
4.185941591858863969e-02
5.316801480948925296e-02
4.353047767654061317e-02
5.121304048225283623e-02
5.615460406988859177e-02
5.028798999264836450e-02
5.778168542310595235e-02
5.276513257995248118e-02
5.562528911978006224e-02
4.998984271660446982e-02
5.060379877686500827e-02
6.481055589392781258e-02
5.437539378181099892e-02
5.590715231373906413e-02
5.447607003152370175e-02
5.261360863223672052e-02
5.640154033899306973e-02
7.116986475884914953e-02
6.599724125117063800e-02
4.903301429003477374e-02
5.941516915336251398e-02
5.924791609868407249e-02
4.977086167782544812e-02
4.638419235125183782e-02
5.159834697842598239e-02
5.153475599363446097e-02
5.334759373217821260e-02
4.425672525539994101e-02
5.026653632521629195e-02
5.302609009668231288e-02
4.653593394905328889e-02
4.479880351573228836e-02
4.038896700367331644e-02
6.075391955673694472e-02
5.677221445366740366e-02
6.214362755417823792e-02
6.576559580862521848e-02
6.157248029485344609e-02
7.118200119584798535e-02
6.433362737298012335e-02
6.137857846915721616e-02
5.642796689644456049e-02
6.177215110510587970e-02
6.165778413414955278e-02
5.722775086760521074e-02
6.133185997605324069e-02
5.315863173455000201e-02
5.453274231404066363e-02
4.952078750357032100e-02
4.614882674068212370e-02
3.998846919275820394e-02
5.728392647579312602e-02
5.480200871825217923e-02
7.702092807739972791e-02
7.423731777817010880e-02
6.943495823070407191e-02
5.701195988804101666e-02
6.508793281391263286e-02
6.357344631105661670e-02
5.275841495022177974e-02
4.473731205798685273e-02
4.948487002402544160e-02
4.628778360784054080e-02
4.765082895755767822e-02
4.236035142093896866e-02
3.527931151911616048e-02
4.828152796253561835e-02
4.300813414156436781e-02
4.557790057733655115e-02
3.610909646376967569e-02
4.209149298258126060e-02
3.954824805259704590e-02
3.903439203277229985e-02
4.242943674325942716e-02
4.525463748723268509e-02
5.006813630461692810e-02
4.791565276682376723e-02
5.497362744063138962e-02
5.527957165613770624e-02
4.679604144766926627e-02
5.458786096423864226e-02
7.913098391145467758e-02
6.806612322106957158e-02
7.210866995155811032e-02
6.537326630204916278e-02
5.976050570607185225e-02
6.247203778475522717e-02
5.008623022586107532e-02
4.551296588033437729e-02
5.057105571031570573e-02
5.605112370103597363e-02
4.742808518931269923e-02
4.717700313776731352e-02
5.153884645551443100e-02
4.993214998394250592e-02
4.827558724209666391e-02
4.811402866616844992e-02
4.587265215814113894e-02
3.382739825174212178e-02
4.113881397061049799e-02
4.094682121649384499e-02
4.296583095565438548e-02
3.958599250763654431e-02
4.127061786130070686e-02
3.605748498812318126e-02
4.834372312761843482e-02
3.581808572635054866e-02
4.805018194019794464e-02
3.433020496740937094e-02
3.309925245121121684e-02
3.675349103286862373e-02
3.669964252039790292e-02
3.363009779714047631e-02
3.607729701325297633e-02
3.296484835445880751e-02
4.239403447136282782e-02
4.635281134396791736e-02
3.800936881452798843e-02
4.572084574028849324e-02
4.123669303953647614e-02
5.946966595947742601e-02
5.473464019596576552e-02
4.967630039900541167e-02
6.131517169997095784e-02
6.095592174679041048e-02
5.507486769929528098e-02
5.226707002148032327e-02
5.280130230821668963e-02
5.281850146129727502e-02
6.387937813997268677e-02
8.326152618974447250e-02
8.366780094802379886e-02
8.355454560369253436e-02
8.077114587649703026e-02
6.878263950347900113e-02
6.876422623172402659e-02
5.806771013885736465e-02
4.953912887722253938e-02
5.192679949104785780e-02
5.397355584427714070e-02
5.460143527016043941e-02
6.898967660963535586e-02
6.794200344011187831e-02
6.370615754276513776e-02
5.784390149638056478e-02
5.133920926600694934e-02
4.626466659829020500e-02
5.797291826456785202e-02
5.780855650082230429e-02
4.919671863317489485e-02
4.490407621487975398e-02
4.803752470761537413e-02
5.271291164681315283e-02
5.668376255780458589e-02
6.531151980161667425e-02
6.460179025307297151e-02
6.067505218088627139e-02
4.944133358076215068e-02
4.949879050254821916e-02
4.561544307507574281e-02
4.981323182582855086e-02
4.527227673679590225e-02
5.068630436435341696e-02
5.382119156420230727e-02
5.524000525474548340e-02
4.842633958905935565e-02
4.816013472154736380e-02
4.688348677009344240e-02
5.704102292656898499e-02
5.656761471182107648e-02
4.719649758189916472e-02
5.274767372757196288e-02
6.591524500399828512e-02
5.562854995951056758e-02
6.046116864308714867e-02
5.048943832516670366e-02
5.932630579918622693e-02
5.558811277151107927e-02
6.104491716250777522e-02
5.564039330929517607e-02
5.748452283442020277e-02
6.176891457289457321e-02
4.719913192093372345e-02
4.966736352071166039e-02
4.594704695045948029e-02
4.983785664662718912e-02
4.040187811478972157e-02
4.977645464241504947e-02
4.875574940815567693e-02
4.653390645980835100e-02
4.047437757253646851e-02
4.743722928687930246e-02
4.219555556774139127e-02
4.867608426138758659e-02
3.917452530004084110e-02
3.934326395392417908e-02
3.964681294746696949e-02
3.777764774858951430e-02
4.005744596943259378e-02
4.224455943331122121e-02
3.839102815836668153e-02
4.111514454707503041e-02
3.781425971537828723e-02
4.775354806333780011e-02
5.567870978266000609e-02
4.704897813498973985e-02
4.876491585746407786e-02
5.632592840120196481e-02
5.223969528451562205e-02
5.459861038252711296e-02
5.921937096863984923e-02
5.057755112648010254e-02
5.193426199257374087e-02
5.209133857861161093e-02
4.956444548442959924e-02
4.988901726901531081e-02
4.783238768577575961e-02
5.764091927558183392e-02
5.080496370792388777e-02
5.769327627494931499e-02
5.512747447937726974e-02
5.160134648904204230e-02
5.775275193154812137e-02
5.470913471654057642e-02
5.466596526093780994e-02
5.752217527478933196e-02
6.158714722841977796e-02
5.941294822841882567e-02
6.383027080446482260e-02
5.946822250261903087e-02
5.928320363163948337e-02
5.675793085247278491e-02
6.291941422969102304e-02
6.528387200087308606e-02
5.736465826630592069e-02
6.175757125020027438e-02
5.812641214579343518e-02
5.806446559727192203e-02
5.331588108092546324e-02
6.377851972356438082e-02
6.296765953302382868e-02
6.569683849811554233e-02
6.475400887429713648e-02
6.106044705957174024e-02
5.599706443026662012e-02
5.049512460827827731e-02
5.603875145316124240e-02
4.463450675830245296e-02
4.110175743699073792e-02
4.463724931702017784e-02
4.347333917394280434e-02
4.547203602269291739e-02
4.568228879943490167e-02
4.276994336396455765e-02
4.303002776578068733e-02
4.371520373970270296e-02
4.493490052409469804e-02
4.305928098037838797e-02
3.810700573958456655e-02
3.521729642525315424e-02
2.983376234769821028e-02
3.502934472635388374e-02
3.431213931180536469e-02
2.854383802041411330e-02
3.154837577603757104e-02
3.361973464488983432e-02
4.090897063724696636e-02
3.767802044749259810e-02
4.614492785185575485e-02
5.282491194084286412e-02
5.675635002553462705e-02
5.373960575088858327e-02
5.231693414971232137e-02
5.692056016996503015e-02
5.995300468057394166e-02
5.710377898067235669e-02
5.993417743593454361e-02
5.189876127988100191e-02
7.014270909130573828e-02
6.014395542442798476e-02
5.471135228872299472e-02
6.119465958327054839e-02
6.050766073167324066e-02
6.849341019988060275e-02
5.324249193072318892e-02
5.402895687147975246e-02
6.278332537040114125e-02
6.448079328984021585e-02
5.220774644985794882e-02
5.429086331278085847e-02
5.703820474445819855e-02
4.918869566172361096e-02
4.867653129622340202e-02
4.946078285574913302e-02
5.625211475417017659e-02
5.422213999554514885e-02
5.324367899447679520e-02
5.044606039300560812e-02
4.407814946025610109e-02
4.034805241972207884e-02
5.505121937021613399e-02
4.085377054288983484e-02
4.624324785545468053e-02
4.625803404487669607e-02
5.281304540112614909e-02
4.804117856547236720e-02
5.330306794494390349e-02
4.816012047231197496e-02
3.628232046030462066e-02
3.517916817218065539e-02
3.853409579023718556e-02
3.123896922916174004e-02
3.294927328824996671e-02
3.300323421135544638e-02
3.530377605929970602e-02
2.995170624926686218e-02
3.508736342191696306e-02
3.929041419178247452e-02
2.918143630959093432e-02
3.314201845787465711e-02
3.572416147217154225e-02
3.067864379845559528e-02
3.535900218412280083e-02
3.973941360600292960e-02
4.657039558514952660e-02
3.513915687799453597e-02
3.523870008066296716e-02
3.599338391795754710e-02
3.205434409901499609e-02
3.786981906741857667e-02
4.099525576457381526e-02
3.965030889958143234e-02
6.556870667263865748e-02
4.850166169926524440e-02
3.355281408876180371e-02
3.173742112703621665e-02
2.490712841972708702e-02
2.271522895898669958e-02
1.169760918710380758e-02
1.076299622654914787e-02
1.401152684120461275e-02
5.278383946279063994e-03
8.262866223230958679e-03
5.581537238322198044e-03
5.496916559059173216e-03
5.491289147175848658e-03
4.867733211722224777e-03
4.953010671306401838e-03
4.306776390876621008e-03
3.897593915462493983e-03
3.316023340448737318e-03
2.810140140354633331e-03
3.331040113698691043e-03
3.026237181620672258e-03
3.107959299813956196e-03
3.611506894230842590e-03
3.260179050266742793e-03
3.223151376005262136e-03
2.923006954370066610e-03
2.751914830878376787e-03
2.261264226399362174e-03
2.406552893808111462e-03
2.599207049934193579e-03
2.193876588717102831e-03
2.424213220365345478e-03
2.776099770562723192e-03
2.269800688372924837e-03
2.516224526334554130e-03
2.049823413835838524e-03
1.934005809016525789e-03
1.878899004077538935e-03
2.160606574034318154e-03
1.956706045893952164e-03
2.155022165970876726e-03
2.158122864784672856e-03
2.091266837669536645e-03
2.097993457573465916e-03
2.155696443514898333e-03
1.854866649955511006e-03
1.838092674734070854e-03
1.504302810644730926e-03
1.979252928867936048e-03
1.776905450969934420e-03
1.948058465495705691e-03
1.948646502569317818e-03
1.949681941187009172e-03
1.939787302399054256e-03
1.938352355500683102e-03
1.632593193789944053e-03
1.624226343119517055e-03
1.394212112063541965e-03
1.847472816007211848e-03
1.465753500815480861e-03
1.726411108393222094e-03
1.768208883004263087e-03
1.628528401488438162e-03
1.729963812977075577e-03
1.580438227392733097e-03
1.366757534560747358e-03
1.394189603161066771e-03
1.513644304941408249e-03
1.547393517103046135e-03
1.642455326509661886e-03
1.530157256638631225e-03
1.655566226691007571e-03
1.566491823177784768e-03
1.583164624753408047e-03
1.451648902730084956e-03
1.321775335236452607e-03
1.166755071608349681e-03
1.494352502049878240e-03
1.501228765118867202e-03
1.467632985441014127e-03
1.590907259378582326e-03
1.540934271179139571e-03
1.478724059415981087e-03
1.492220180807635188e-03
1.280330240842886312e-03
1.236114685889333573e-03
1.124957491992972835e-03
1.411208749050274448e-03
1.298395209596492437e-03
1.372076442930847450e-03
1.335868562455288979e-03
1.342035434208810286e-03
1.401063398225232872e-03
1.252837129868566990e-03
1.216720434604212555e-03
1.224747375817969398e-03
1.125572054297663185e-03
1.304624811746180144e-03
1.233461502124555409e-03
1.364252736675553067e-03
1.352430315455421719e-03
1.297490095021203247e-03
1.335354233742691620e-03
1.263789529912173791e-03
1.103034443804062860e-03
1.101487941923551261e-03
1.118592810234986159e-03
1.283826745930127843e-03
1.304295286536216649e-03
1.169024093542248011e-03
1.351352510391734627e-03
1.154998151469044301e-03
1.264855847693979740e-03
1.149091200204566121e-03
9.987427911255508661e-04
9.462557267397641919e-04
1.145774454926140606e-03
1.257819207967258946e-03
1.062370781437493904e-03
1.147079080692492469e-03
1.211313676321879029e-03
1.200582666206173512e-03
1.098914170870557384e-03
1.086014095926657406e-03
1.046828844118863431e-03
1.006615193909965542e-03
1.145387478754855736e-03
1.056180542218498929e-03
1.183638162910938306e-03
1.122182758990675211e-03
1.128181561944074842e-03
1.188213529530912638e-03
1.099975255783647299e-03
9.748315351316705346e-04
1.059239447931758973e-03
9.225730143953114314e-04
1.206516311503946694e-03
1.005327768507413609e-03
1.195064507192000660e-03
1.112226027180440637e-03
1.072022740845568435e-03
1.044632139382883906e-03
9.936164133250713348e-04
9.265164961107074781e-04
9.316235227743163705e-04
8.878334847395308316e-04
1.088421343592926903e-03
9.513377794064581177e-04
1.021367826615460130e-03
1.118687522830441637e-03
1.040192760410718663e-03
9.964102471712976260e-04
1.000029488932341381e-03
9.173404891043901227e-04
8.791598724201321385e-04
9.992678387789055705e-04
1.026062466553412334e-03
1.021612086333334446e-03
9.984905394958333048e-04
1.096175654674880293e-03
9.983373340219259696e-04
1.043414225568994793e-03
9.082000848138705113e-04
8.942991000367328958e-04
8.342703993548638685e-04
1.022080963593907654e-03
9.569061890942976096e-04
1.059605696354992688e-03
9.868575318250805573e-04
9.800805448321626024e-04
1.027086857357062486e-03
9.216342441504821181e-04
8.656238118419423483e-04
9.104391239816323356e-04
7.976229011546820185e-04
9.954068023944272724e-04
9.364043304231018045e-04
1.000041727093048437e-03
1.012448908295482440e-03
9.656448703026399450e-04
9.750572469783946438e-04
8.935226593166589954e-04
8.848461846355348392e-04
8.586419891798869209e-04
8.000067246030084789e-04
9.856423363089560595e-04
8.618327468866482160e-04
9.573971678037196181e-04
1.009550539311021523e-03
9.312552007031627216e-04
9.145178133621812084e-04
8.904831222025677995e-04
7.867251362768002288e-04
8.090271294349804521e-04
9.069201914826408029e-04
9.125460404902696393e-04
9.541085659293457649e-04
8.924426103476435380e-04
9.554991353070363619e-04
9.241434934665448530e-04
9.343351499410346367e-04
8.381344581721350334e-04
8.099550701444968798e-04
7.506947047659195526e-04
9.297802491346374588e-04
9.067615523235872171e-04
9.376376838190481067e-04
9.210167947458103733e-04
9.145902120508253141e-04
9.067526611033826850e-04
9.410536586074158549e-04
8.045899041462690072e-04
8.211161883082240386e-04
7.555468502687290745e-04
9.157526568742468736e-04
8.451478148344904401e-04
9.091867133975029425e-04
8.847411198075860305e-04
9.101450792513787963e-04
8.766850311076268771e-04
8.728625456569716118e-04
7.258751400513574047e-04
8.168804342858493328e-04
8.080164960119872852e-04
8.846390788676217415e-04
8.515451481798663735e-04
9.317557065514847853e-04
9.235987206920980973e-04
8.799651346635073640e-04
8.504689554683864334e-04
8.419618563493714170e-04
7.629518964677117982e-04
7.457090308889746449e-04
8.237050598836504357e-04
8.726902568014338179e-04
8.983660285593941591e-04
8.596202154876664064e-04
9.495280741248279593e-04
8.428560715401545601e-04
8.549709251383319714e-04
8.021139568882062814e-04
7.413945539155974550e-04
7.102328105247579732e-04
8.682249288540333076e-04
8.663534041261300661e-04
8.027253119507804296e-04
8.406391803873703101e-04
8.655185636598616405e-04
8.325452829012647705e-04
7.967571407789364023e-04
7.409458296024240987e-04
7.968486897880211473e-04
7.672580162761732719e-04
8.191633998649195270e-04
8.062215521931648688e-04
8.941235690144821568e-04
8.539899718016386032e-04
8.080259547568857236e-04
8.795069908956066208e-04
8.082138228928670287e-04
7.337834162171929858e-04
7.656862318981439309e-04
7.097995505318977372e-04
8.870102174114435911e-04
7.876567353378050463e-04
8.606575109297409220e-04
8.932454511523246765e-04
7.790287403622641943e-04
7.909940410172566988e-04
7.704864721745253043e-04
7.234557648189366081e-04
7.153847254812717438e-04
7.432517944835126183e-04
8.450559194898233034e-04
7.498889637645334439e-04
8.048415358643979268e-04
8.367785718291998126e-04
8.091749856248498180e-04
7.932697320939041457e-04
7.566803949885069890e-04
7.535441327490843832e-04
7.056633941829204993e-04
8.006239251699299054e-04
7.872909016441553397e-04
8.249350037658586664e-04
7.738619373412802599e-04
8.240031864261254235e-04
8.198187657399103262e-04
8.015986823011189699e-04
7.276415737578645782e-04
7.138117580325342715e-04
7.111862621968611641e-04
8.553535648388787887e-04
7.830085975001566329e-04
8.388929156353697614e-04
7.909439184004441337e-04
7.656765315914526799e-04
7.941185584058984680e-04
7.123058690922335007e-04
6.739213538821786208e-04
7.557007178547791920e-04
6.501823940197936974e-04
7.937310394481756227e-04
7.202605862403288700e-04
7.904317666543647430e-04
7.948122947709634900e-04
7.700658170506358147e-04
7.505257919547148483e-04
7.314954360481351831e-04
7.245526678161696033e-04
7.080128081724979417e-04
6.851042242487892075e-04
8.273927640402689142e-04
7.503454806283115907e-04
7.765784219373017116e-04
8.439203025773167827e-04
7.787888331222348132e-04
7.755533733870834112e-04
7.368645019596442580e-04
6.869956792797893503e-04
6.608897921978496449e-04
7.640531024662777565e-04
7.741585577605292201e-04
8.090513787465169809e-04
7.477048115106299303e-04
7.959513342939317660e-04
7.531416078563780026e-04
7.486787129892036102e-04
6.968070956645533442e-04
6.864802300697192983e-04
6.557236163644119663e-04
7.809815084328875162e-04
7.514084281865507364e-04
7.786017464241013148e-04
7.791596755851060586e-04
7.750946766464039900e-04
7.767546718241647103e-04
7.317207317100837393e-04
6.780986237572506287e-04
7.073434739140793464e-04
6.424553197575732849e-04
7.823151827324181795e-04
7.045702339382841749e-04
7.806825800798833153e-04
7.773228338919579766e-04
7.591433328343555548e-04
7.438962318701669140e-04
7.309885724680498676e-04
6.428184162359685139e-04
6.915707039297558150e-04
6.912967452080920555e-04
7.526593166403472207e-04
7.154800259741023183e-04
8.049225813010707714e-04
7.697788591030984900e-04
7.511086005251854658e-04
7.605178601806983135e-04
6.947923306142911098e-04
6.912333366926759915e-04
6.389452100847847760e-04
7.417588174575939341e-04
7.412054386804811440e-04
7.766987459035590074e-04
7.296878582565113468e-04
7.915403082733973427e-04
7.234949123812838955e-04
7.837154407752677798e-04
6.767609636881388290e-04
6.881025154143571420e-04
6.342454304103739776e-04
7.682870913413353047e-04
7.347335282247513749e-04
7.343697187025099559e-04
7.406748802168295221e-04
7.598560448968782587e-04
7.463354966603219075e-04
7.288155436981468959e-04
6.288291740929707451e-04
6.800313363783061721e-04
6.914337180205620392e-04
7.230525428894907019e-04
7.314524293178692894e-04
8.237419591750949404e-04
7.434759812895208380e-04
7.428527635056525903e-04
7.281596102984621904e-04
7.167587406001985290e-04
6.463509620516560755e-04
6.811899351305328093e-04
6.345178073388524787e-04
7.799025566782802560e-04
7.029070402495563030e-04
7.866119558457285166e-04
7.904047757619992115e-04
7.273808034369722442e-04
7.280328893102705912e-04
7.037501025479286475e-04
6.480308540631086068e-04
6.653111078776419596e-04
7.037303177639842467e-04
7.466086564818397598e-04
7.055648195091635422e-04
7.139645516872405789e-04
7.608742889715358615e-04
7.263965642778202458e-04
7.107065495802090006e-04
6.351027055643499114e-04
7.008889413555152281e-04
6.431558533222414987e-04
7.288933556992560625e-04
7.228086382383480451e-04
7.359146431554109292e-04
7.557075921795330508e-04
7.177163322921841903e-04
7.382316980510950089e-04
7.433996885083615997e-04
6.487395803560502827e-04
6.689982532407156906e-04
6.252739185583777726e-04
7.696178741753101566e-04
6.941016894415952048e-04
7.690894301049411731e-04
7.432215934386476874e-04
7.086661469656973644e-04
7.111191633157431646e-04
6.799465045332908630e-04
6.288013915764168122e-04
6.798449452617205463e-04
6.334001751383766749e-04
7.308165368158370256e-04
6.710784451570362069e-04
7.568435219582169814e-04
7.197396451374515457e-04
7.102772477082907720e-04
7.014103932306170897e-04
6.832224418758415119e-04
6.837809953140095310e-04
6.593305661226622760e-04
6.726723644533194385e-04
7.211623742477968335e-04
7.222390850074589252e-04
6.915848411154001734e-04
7.504439621698111079e-04
7.342567463638260744e-04
6.877173960674554326e-04
6.990157358814031103e-04
6.416994991013779803e-04
6.389771311660297432e-04
7.491310680052265525e-04
7.149175653466954827e-04
7.606975297676399784e-04
6.917559163412079432e-04
7.128070981707423492e-04
6.829802878201007843e-04
6.676209013676270843e-04
6.302271824097261266e-04
6.514433509437367754e-04
6.083520245738327070e-04
7.180436092312447944e-04
6.894208941957913556e-04
6.819683738285675211e-04
7.117386470781639001e-04
7.229271315736696558e-04
6.999527526204474054e-04
6.591802812181413174e-04
6.515766406664624377e-04
6.681298080366104408e-04
6.349387855152599730e-04
7.246973225846886201e-04
6.879650347400457101e-04
7.440931454766541936e-04
7.292787689948454282e-04
6.994439492700621919e-04
7.163215370383114056e-04
6.967256515054032640e-04
6.360665327520109279e-04
6.513718661153688593e-04
6.251104947295971432e-04
7.334828173043206117e-04
6.906396709382533593e-04
7.357949798461049795e-04
7.368852646322920485e-04
7.060643285512924628e-04
6.757296592695638754e-04
6.513230007840320034e-04
6.540364673128351135e-04
6.133418501121923327e-04
7.049409599858335934e-04
7.072914711898192330e-04
7.061233060085214891e-04
7.075929199345410304e-04
7.272094604559242942e-04
7.076547975884750269e-04
6.933492142707109885e-04
6.393691874109208584e-04
6.449973647249862335e-04
6.206781414221041121e-04
7.082581374561414339e-04
6.797343667130917311e-04
6.894669437315315225e-04
7.123571092961355610e-04
7.158621214330196164e-04
7.089579419698565765e-04
6.847959244623780467e-04
5.940494520473293960e-04
6.550227190018631518e-04
6.501986223156564155e-04
7.042357843602076390e-04
6.688442401355132894e-04
7.713258877629413984e-04
6.936415593372657895e-04
7.164760318119078875e-04
6.992827722569928007e-04
6.650493363849818490e-04
6.338909035548568206e-04
6.479474221123382015e-04
6.262342561967670701e-04
7.344014447880908847e-04
6.702610000502318578e-04
7.368143269559368491e-04
7.308339379960670634e-04
6.769222032744437673e-04
7.127479155315085812e-04
6.794995526433922784e-04
6.352426295052282729e-04
6.331618191325105510e-04
6.939461280126124187e-04
7.132098195143044212e-04
6.839248409960419373e-04
6.901066604768857577e-04
7.350796629907562895e-04
7.030250795651227453e-04
6.990776193561032848e-04
5.916554568102583072e-04
6.391079397872090773e-04
6.401581384125165208e-04
7.164713315432891250e-04
6.988895416725427129e-04
7.282339822268113928e-04
7.224524495541117652e-04
6.920857151271775799e-04
7.116001623217016025e-04
6.785476289223879576e-04
6.357166057568974793e-04
6.573666527401655696e-04
5.998184235068038540e-04
7.187764014815912084e-04
6.727280037011950991e-04
7.539881742559372945e-04
7.215071091195568442e-04
7.156667707022279501e-04
6.936810008483007333e-04
6.803472031606360836e-04
6.152432790258899765e-04
6.694923969916999774e-04
6.353849210427142246e-04
7.046134793199599006e-04
6.662141749984584749e-04
7.217098725959658189e-04
7.067063532304018302e-04
6.920956948306411505e-04
6.736649345839395685e-04
6.380255596013739922e-04
6.722794001689180949e-04
6.406410888303071044e-04
6.749715990736149468e-04
6.805335462559014992e-04
7.195025333203375556e-04
6.864180846605450132e-04
7.157192652812227390e-04
7.079918606905267076e-04
7.033880741801112673e-04
6.537024150020442686e-04
6.247260942473075850e-04
6.178607844049110575e-04
7.185481459600851157e-04
6.937371043022721572e-04
7.233087031636387327e-04
6.885421913466416516e-04
7.137000793591141701e-04
6.652063340879977183e-04
6.809100043028593497e-04
6.263576506171375513e-04
6.335792932077310979e-04
6.212891501490957601e-04
7.145638839574531154e-04
6.688902096357197003e-04
7.115698361303656860e-04
6.607629009522497220e-04
7.223870314192026420e-04
6.917299062479287820e-04
6.426804713555612104e-04
6.379393220413476012e-04
6.913690478540957408e-04
6.468986859545112090e-04
6.861013069283216758e-04
6.705755222355946898e-04
7.188461313489824533e-04
7.016728457529097362e-04
6.947483838303014419e-04
6.844492163509130478e-04
6.782391283195465803e-04
6.095480595831759708e-04
6.631824027863331573e-04
6.715277035254984877e-04
7.055698195472359224e-04
7.337350922171026685e-04
6.831139966379850886e-04
7.031490094959735870e-04
6.613037025090306780e-04
6.618356594117358761e-04
6.176253751618787863e-04
6.391085655195638971e-04
6.123624523752368553e-04
6.709029563353397169e-04
6.954438606044277982e-04
6.565682415384799242e-04
6.696527285384945788e-04
7.200320629635825970e-04
6.875785111333243549e-04
6.586823146790266037e-04
6.189334904775023677e-04
6.581148074474186139e-04
6.211990665178745551e-04
7.220704312203452425e-04
6.715061230352148197e-04
7.219275576062500477e-04
6.859970890218392015e-04
7.026577572105452201e-04
7.129786739824339531e-04
6.827431992860510728e-04
6.079297570977359576e-04
6.791933352360502102e-04
6.103013525716960647e-04
6.978582852752879696e-04
6.582931091543287039e-04
7.694231055211276250e-04
6.972333576413802803e-04
6.935117038665339134e-04
6.531103630550205491e-04
6.563385308254509947e-04
6.443573365686461329e-04
6.305808157776482837e-04
6.435451039578765197e-04
7.017325522610917254e-04
6.738043171935714998e-04
7.118863723007962108e-04
7.222337182611227469e-04
6.921969150425865813e-04
6.782923475839198069e-04
6.448394182370975397e-04
6.478792696725576899e-04
6.160014265333302753e-04
6.780436873668804548e-04
6.800285424105823257e-04
6.814795371610671715e-04
6.687030865577981310e-04
7.448055373970418735e-04
6.780186566174961193e-04
6.831044156569987535e-04
6.068851769668980999e-04
6.181075630593113168e-04
6.667313631623983166e-04
6.960647500818595073e-04
6.698743120068684654e-04
7.245671760756522851e-04
6.996029143920168714e-04
6.742883648257702806e-04
7.172974801505915821e-04
6.763253826647996686e-04
6.208102509845048406e-04
6.678537145489826365e-04
6.033811048837378187e-04
7.313174894079566436e-04
6.617668172111734531e-04
7.339200819842517376e-04
6.981272657867520831e-04
6.908823968842625184e-04
6.748685817001387043e-04
6.916042359080166058e-04
6.421700309147126973e-04
6.575907347723842101e-04
6.336771955830044611e-04
7.278258039150386832e-04
6.468604755355044983e-04
7.258035242557525418e-04
6.962082145037129955e-04
6.973442039452492757e-04
6.956029508728533550e-04
6.361789142829366245e-04
6.253614104934967837e-04
6.357462465530261181e-04
7.015468989266082211e-04
6.873919308418407603e-04
7.323591446038335995e-04
6.905414891662075682e-04
7.003402803093195178e-04
7.155858242185786150e-04
6.752073066309093995e-04
6.374059244990349033e-04
6.478555675130337694e-04
6.049662042642012239e-04
7.088964164722710414e-04
6.896641236380674379e-04
7.069997460348531821e-04
7.321040393435396254e-04
7.110042468411847515e-04
6.917844933923333666e-04
6.978470977628603361e-04
6.192932909470982633e-04
6.557697284733876803e-04
6.364716158714145205e-04
7.018586504273117022e-04
6.780323048587888913e-04
7.240041828481480696e-04
6.667028748779558079e-04
7.183176116086542390e-04
6.846680509625003175e-04
6.410812231479213075e-04
6.293208614806644185e-04
6.881336070364340923e-04
6.552019898663274727e-04
6.962655897950753570e-04
6.697122007608413696e-04
7.267844135640189268e-04
7.029224972939119177e-04
6.932944408617914157e-04
6.931662908755242391e-04
6.830030222772620185e-04
6.276188185438513322e-04
6.436960611608810723e-04
6.763836237951182263e-04
7.007064399658702097e-04
7.288269611308350942e-04
6.798134942073375203e-04
7.256099706864915788e-04
6.624815170653164820e-04
6.803718628361820958e-04
6.494196364656090953e-04
6.321521199424750886e-04
6.168753927340731458e-04
6.979849305935204463e-04
7.112529856385663152e-04
6.676547360257245817e-04
6.891632263432256444e-04
7.108083518687635660e-04
7.076259644236415625e-04
6.465228507295250893e-04
6.297956933849491179e-04
6.869916483992710926e-04
6.662488129222765131e-04
7.016032293904572292e-04
6.685831292998045249e-04
7.264482526807114048e-04
6.759244774002581618e-04
6.990205700276419087e-04
7.064265955705195665e-04
6.780573283322155042e-04
6.181907898280769803e-04
6.977625220315530679e-04
6.351735646603628993e-04
7.410459278617054007e-04
6.591607831069268503e-04
7.514890399761498191e-04
6.967126537347212434e-04
6.829639285570010109e-04
6.507293874165043235e-04
6.426735490094870329e-04
6.216749054146931009e-04
6.477312854258343577e-04
6.399241101462393999e-04
7.036564289592206695e-04
6.544812844367697618e-04
6.854412291431799748e-04
7.270164322108029886e-04
6.970457048737444200e-04
6.512943116831592782e-04
6.398251076461747506e-04
6.733347981935366988e-04
6.414489194867201366e-04
7.040363299893215732e-04
6.793945358367636800e-04
7.252950454130768776e-04
6.737826304743065996e-04
7.294729148270562291e-04
6.950901501113548658e-04
7.050680433167144656e-04
6.261488699237816469e-04
6.598464489798061983e-04
6.426420775824226005e-04
6.959749938687309406e-04
6.807687197579071359e-04
7.541857397882267616e-04
6.886595467221923606e-04
6.865575414849445224e-04
6.991245318204164505e-04
6.640500039793550534e-04
6.300018634647130749e-04
6.909963558427989483e-04
6.230137310922146060e-04
7.191410812083631320e-04
6.677179859252646782e-04
7.232551753986627297e-04
7.053945766529068784e-04
7.025751983746886253e-04
6.769528030417859337e-04
6.325692840619013147e-04
6.509423677925951562e-04
6.444150116294622204e-04
6.403326900908723257e-04
7.086362456902861595e-04
6.542802060721441887e-04
7.018049858743324659e-04
7.164882525103166266e-04
6.953915115445851846e-04
6.662168569164350195e-04
6.386831577401608012e-04
6.146223342511803345e-04
6.389203132130205848e-04
7.049428444588556669e-04
6.760307878721505404e-04
7.202517474070191817e-04
6.789882376324385188e-04
7.059020077576861002e-04
6.953110307222232656e-04
6.829594029113649888e-04
6.335974729154258533e-04
6.462156132329254909e-04
6.202790144016034467e-04
7.129158679163083217e-04
6.882309709908441143e-04
7.191336102550849102e-04
7.054359361063688777e-04
6.886461051180958748e-04
6.772007007384672327e-04
7.058092654915526292e-04
6.248653124202973707e-04
6.649362680036574385e-04
6.313109159236773415e-04
7.133843828341923654e-04
6.723118945956230380e-04
7.243500906042755084e-04
6.855712126707658172e-04
7.146702439058572488e-04
6.747016013832762837e-04
6.731152883730828545e-04
5.907247003051451905e-04
6.618320461711846075e-04
6.774183450033888654e-04
7.024812628515064283e-04
6.730658671585843401e-04
7.348220213316380544e-04
7.051233405945822597e-04
7.053554698359220786e-04
6.698643730487674908e-04
6.594719918211922483e-04
6.327077368041500666e-04
6.236421380890533111e-04
6.856284948298707388e-04
6.858020511572249451e-04
7.196422782726585431e-04
7.073268556268885515e-04
7.398723872029222114e-04
6.742099329130723639e-04
6.789552047848701260e-04
6.526693934574723677e-04
6.435280971345491924e-04
6.250854814425111251e-04
7.161935325711965127e-04
6.986833730479701920e-04
6.852903359686024053e-04
6.884917762363329747e-04
7.127742777811363123e-04
6.915042147738858624e-04
6.449976455769502060e-04
6.044396839570253654e-04
6.851494428701699214e-04
6.724609498633071997e-04
6.878889806102960868e-04
6.745465594576671936e-04
7.291001733392476819e-04
6.974901843932457268e-04
6.775756482966244221e-04
7.043193851131946065e-04
6.681656741420738399e-04
6.211071493453345759e-04
6.671317998552695350e-04
6.417915530619211929e-04
7.308301923330873034e-04
6.664926375378854139e-04
7.269975380040704987e-04
7.307249674340709827e-04
6.586689472896978042e-04
6.632575881667434952e-04
6.539300171425566294e-04
6.326184244244359650e-04
6.373494470608420670e-04
6.631225129240192690e-04
7.076970010530203798e-04
6.622097949730232575e-04
6.961202336242422895e-04
7.145695621147751591e-04
6.904784677317366004e-04
6.683326122583821199e-04
6.323487235931679390e-04
6.786921614548191862e-04
6.464837584644556262e-04
7.039620366413145824e-04
6.686729466309770942e-04
7.169872144004330473e-04
6.669166759820654988e-04
6.997831806074827909e-04
7.050881366012617512e-04
6.756280257832258723e-04
6.285840412601828358e-04
6.496785237686709003e-04
6.550147489178925319e-04
7.288516411790624044e-04
6.914626559591851912e-04
7.271946698892862038e-04
6.830690079368650480e-04
6.754787988029420593e-04
6.726436404278501868e-04
6.253840925637632825e-04
6.011833233060315035e-04
6.845674855867400549e-04
6.159100725199095688e-04
6.987604283494874835e-04
6.464140489697456794e-04
7.023349869996308847e-04
6.968054978642613129e-04
6.930284071131609380e-04
6.557414337294176655e-04
6.381599727319553278e-04
6.576908403076231263e-04
6.523535499582067349e-04
6.486134225269779563e-04
7.252865209011361437e-04
6.852338032331317446e-04
6.869424658361821933e-04
7.272954186191782572e-04
6.998247059527784803e-04
6.839479698101058819e-04
6.493529974250123338e-04
6.351693475153297620e-04
6.279207256739028232e-04
6.950416427571326494e-04
6.848691788036376455e-04
7.272010494489222982e-04
6.768555293092503710e-04
7.094537984812631769e-04
6.691854214295744896e-04
6.690126145258545442e-04
6.313682912150398114e-04
6.524841825012117841e-04
6.333368786727078042e-04
7.085780351189896031e-04
6.841868889750912786e-04
7.041201693937182643e-04
7.067983213346451087e-04
7.065660698572173931e-04
6.873430480482056954e-04
6.614094047108665542e-04
6.222611162229440673e-04
6.654308643192052408e-04
6.211954983882606246e-04
7.143184717278927781e-04
6.507462501758709116e-04
7.142154616303741498e-04
7.008310669334605770e-04
7.000335433986037536e-04
6.741638324456288977e-04
6.584704853594303565e-04
6.110361267928965173e-04
6.517602363601326726e-04
6.687190063530579643e-04
6.864196824608370445e-04
6.659359409241005561e-04
7.385051838355138464e-04
7.025298924418166497e-04
6.972936651436611576e-04
6.896150182001293139e-04
6.439486256567761519e-04
6.547247699927538850e-04
6.199450552230700417e-04
7.030840759398415251e-04
6.815446540713310242e-04
7.207491406006738110e-04
6.845793803222477002e-04
7.215873920358717442e-04
6.671194423688575625e-04
7.104068703483789942e-04
6.393839925294741771e-04
6.660987535724415941e-04
6.240977119887248115e-04
7.174810612923465886e-04
6.833146675489842675e-04
7.065023382892832160e-04
6.850235396996140914e-04
7.090713654179126458e-04
6.984713865676895218e-04
6.755122085451148450e-04
5.934342741966247125e-04
6.562871305504814224e-04
6.703125807689502402e-04
6.888359203003346920e-04
6.848056393209845261e-04
7.583400787552818439e-04
6.912052689585834525e-04
7.052797533106059053e-04
6.794697692384943366e-04
6.685654661851003766e-04
6.178039169753901444e-04
6.613678327994420908e-04
6.250810110941529274e-04
7.262823812197894292e-04
6.654028431512415843e-04
7.442682777764275887e-04
7.332717636018059931e-04
6.834963918663561127e-04
6.850317149655893445e-04
6.689158268272876956e-04
6.357931910315528295e-04
6.526142504299059077e-04
6.833831401308998032e-04
7.019538490567356782e-04
6.859149070805869997e-04
6.869099772302434282e-04
7.226161425933242278e-04
6.922287313500419693e-04
6.708601562422700009e-04
5.997904023388400891e-04
6.859446002636104822e-04
6.477469447418116250e-04
7.034529640804976442e-04
6.828365323599428372e-04
7.034038368146866777e-04
7.079052040353417830e-04
6.864676368422805829e-04
6.980252044741063876e-04
6.988553126575425050e-04
6.231196515727787993e-04
6.614129000809043429e-04
6.323613881249912517e-04
7.295309449546038671e-04
6.690918380627408624e-04
7.370606734184547825e-04
7.053662338876165450e-04
6.835705047706141851e-04
6.689102301606908441e-04
6.591905810637399121e-04
6.145082152215763927e-04
6.738494193996302783e-04
6.403603867511265414e-04
6.982480030274018428e-04
6.557053537108003659e-04
7.299210352357477167e-04
6.938339443877339580e-04
6.891284341691061638e-04
6.720393488649278662e-04
6.521920702653005286e-04
6.737928255461156151e-04
6.543577532283961556e-04
6.741857447195798375e-04
6.925447349203750057e-04
6.993980903644114299e-04
6.728448031935840411e-04
7.170408207457512617e-04
7.062665827106684446e-04
6.621555250603706078e-04
6.712910006172023280e-04
6.364275803207419379e-04
6.450854212744161703e-04
7.287598127732053399e-04
6.870269760838709338e-04
7.343539502471685843e-04
6.735085247782990120e-04
6.949844246264547110e-04
6.580649525858462291e-04
6.442394544137642221e-04
6.179347634315490939e-04
6.529096935992129147e-04
6.240704431547782882e-04
6.998021854087710381e-04
6.754232570528983636e-04
6.732752663083374500e-04
6.945207540411501689e-04
7.093021282344125428e-04
6.721496902173385024e-04
6.424649051041342535e-04
6.398844663635828035e-04
6.753697438398375890e-04
6.459098338382318182e-04
7.052000088151544549e-04
6.785400619264692068e-04
7.233599375467747233e-04
7.009214896243065596e-04
6.877103209262713573e-04
6.950315117137506171e-04
6.762206117855385163e-04
6.319304113276303248e-04
6.514781300211325721e-04
6.357226462569087961e-04
7.085784454829990864e-04
6.819338479544967847e-04
7.195004844106733365e-04
7.158244115998968482e-04
6.887333118356763883e-04
6.575355131644755385e-04
6.453710462665185549e-04
6.540556089021265940e-04
6.298976775724440379e-04
7.041691918857395432e-04
6.933799857506528063e-04
6.985674554016441107e-04
6.954451993806288080e-04
7.148842851165682077e-04
6.929534050868823907e-04
6.742661673342809515e-04
6.307228773948736706e-04
6.555127183673903346e-04
6.326195027213544087e-04
6.973867770284414075e-04
6.741161370882764892e-04
6.868235825095326142e-04
6.961789767956361175e-04
7.075842571794055185e-04
6.964292348129675009e-04
6.713145397952757559e-04
5.944851611275226311e-04
6.572217112989165106e-04
6.621535489102825306e-04
6.997123942710459449e-04
6.653215939877554341e-04
7.533677038736641190e-04
6.881343870190903544e-04
7.097678462741896510e-04
6.819726608227938197e-04
6.583401525858789249e-04
6.368852453306316896e-04
6.530457118060440042e-04
6.414829535060561977e-04
7.258721569087355895e-04
6.658292215433903472e-04
7.299155608052387617e-04
7.202932582003995342e-04
6.691958318697288416e-04
6.976915319683030248e-04
6.723080878145992756e-04
6.451414388720877685e-04
6.434423296013847427e-04
6.965230830246582194e-04
7.036789786070585685e-04
6.902696099132299206e-04
6.883248744998127656e-04
7.285525294719264128e-04
6.937861995538696864e-04
6.931127747520804839e-04
5.916515117860398753e-04
6.460199307184666612e-04
6.557789878570474467e-04
7.159119471907615445e-04
6.916782353073358319e-04
7.215126883238553784e-04
7.087398174917325161e-04
6.909327086759731607e-04
7.066020014462992115e-04
6.721858080709353089e-04
6.338562801829539023e-04
6.623215042054653601e-04
6.145570019725710370e-04
7.164764800108968778e-04
6.704575556796043894e-04
7.512628857512026808e-04
7.151112396968529062e-04
7.095743465470149679e-04
6.839073437731712623e-04
6.794301283662207208e-04
6.230652332305907769e-04
6.774633686291054325e-04
6.529459613375365300e-04
6.995877396548166654e-04
6.721414159983396313e-04
7.231091381981969097e-04
7.051915366901084564e-04
6.942392705241217992e-04
6.707139313220977566e-04
6.324748057522811429e-04
6.757985058357008235e-04
6.563266302691772797e-04
6.864787399535998268e-04
6.779872521292418675e-04
7.162775000324472785e-04
6.854594423202798204e-04
7.091930005117319307e-04
7.031049637589604096e-04
6.974578747758642273e-04
6.513633998110890388e-04
6.350431227474473634e-04
6.385824148310348175e-04
7.211331831058487296e-04
6.880944070871919610e-04
7.245804590638726950e-04
6.889194468385539732e-04
7.107605633791536093e-04
6.616721570026129267e-04
6.764854741049930020e-04
6.309014861471951008e-04
6.486826518084853671e-04
6.403229199349880219e-04
7.125375617761164687e-04
6.730316992616281347e-04
7.172225799877196334e-04
6.628188202739693224e-04
7.256267097545787258e-04
6.842631060862913945e-04
6.436413241317495704e-04
6.406619519111700573e-04
7.039081159746274135e-04
6.640727631747722192e-04
6.867369025712833025e-04
6.754683301551267938e-04
7.175145728979259729e-04
6.980925798416137262e-04
6.932199816219508431e-04
6.831476086517796354e-04
6.778938346542418220e-04
6.188516010297462778e-04
6.708761982736177309e-04
6.837236054707318328e-04
7.014481947408057532e-04
7.312163827009499507e-04
6.865254341391846754e-04
7.039796182652935386e-04
6.629237468587234616e-04
6.593852740479633212e-04
6.224830547580495043e-04
6.479550356743857265e-04
6.296425242908298536e-04
6.822929499321617186e-04
6.928981048986316161e-04
6.677629222394898751e-04
6.749250227585434697e-04
7.217085047159343524e-04
6.883776426548138044e-04
6.558999419212340875e-04
6.200955307576805136e-04
6.773079599952325442e-04
6.391269591404125528e-04
7.215281337266787453e-04
6.772373017156496644e-04
7.240416365675627968e-04
6.850019824923947020e-04
7.043987105134874149e-04
7.075022382196039178e-04
6.837703665951266451e-04
6.128252818598412411e-04
6.858116626972332814e-04
6.274455343373119397e-04
6.971346097998321273e-04
6.651251605944707990e-04
7.668613296118564470e-04
6.974884134251623912e-04
6.942237057955935164e-04
6.527939025545492551e-04
6.593241123482584953e-04
6.514954613521695571e-04
6.411947222659363909e-04
6.616516591748222275e-04
7.061740034259855747e-04
6.799690949264913581e-04
7.158299209550023296e-04
7.219631021143868782e-04
6.963463063584640188e-04
6.765526341041550040e-04
6.462654171627945764e-04
6.576004408998415308e-04
6.311963486950844093e-04
6.840652495156973600e-04
6.836626736912876801e-04
6.909928633831441402e-04
6.713485723594203808e-04
7.448962336638942144e-04
6.807111916714347682e-04
6.841655878815800385e-04
6.123932151240296228e-04
6.282740097958594994e-04
6.801434748922475116e-04
6.992637296207249381e-04
6.754476547939702652e-04
7.257922115968540311e-04
7.033206260530277870e-04
6.800402799854055481e-04
7.150912017095834450e-04
6.765821221051737449e-04
6.261951348278671503e-04
6.735056202160194083e-04
6.195323585416190326e-04
7.362219184869900346e-04
6.664375076070427461e-04
7.377813890343531966e-04
7.023929370916448750e-04
6.944632885279133482e-04
6.729398970492184379e-04
6.926349655259400389e-04
6.489034101832657619e-04
6.650836789049207947e-04
6.488507089670747952e-04
7.299308461369946165e-04
6.554429040988907001e-04
7.294402807019650719e-04
6.991974485572427078e-04
7.010295434156432531e-04
6.963417035876773298e-04
6.388028690707869611e-04
6.320981934550218501e-04
6.470304506365209818e-04
7.090197701472789266e-04
6.895733880810439370e-04
7.307116844458505728e-04
6.945678993361070969e-04
7.024351376458071389e-04
7.165704708313568993e-04
6.765030819224193259e-04
6.395275049726478755e-04
6.532158571644685946e-04
6.171698332764208317e-04
7.138637098250910857e-04
6.912269833264872649e-04
7.127020915504544540e-04
7.337989314692095139e-04
7.117575529264286377e-04
6.919882493093609593e-04
6.974524323595688181e-04
6.243952477234416144e-04
6.627249851590022878e-04
6.488524522865191102e-04
7.064466597512363954e-04
6.834340005298144899e-04
7.294367358554154201e-04
6.710312823997810700e-04
7.236317644128576355e-04
6.841048627393320637e-04
6.434584531234577732e-04
6.310946497251279869e-04
6.937293277587741397e-04
6.673526848317123516e-04
6.994535942794755101e-04
6.732544221449643590e-04
7.257107849000021598e-04
7.041916207526810901e-04
6.934497097972780900e-04
6.925602530827746229e-04
6.824841810157522125e-04
6.307215371634811163e-04
6.518927155411801799e-04
6.847939948784187436e-04
7.004688930464908047e-04
7.288681546924636202e-04
6.855939864180982113e-04
7.248067180626094124e-04
6.643180997343734340e-04
6.786836689570918896e-04
6.511524727102369504e-04
6.380554186762310565e-04
6.277131731621920629e-04
7.025883038295433142e-04
7.111754792276769443e-04
6.742803918314166801e-04
6.920726023963652768e-04
7.120206108083948059e-04
7.075104193063452406e-04
6.475527159636839791e-04
6.295565166510641358e-04
6.922776417923159464e-04
6.741299788700416467e-04
7.037150964606553750e-04
6.719785887980833650e-04
7.269473600899801092e-04
6.762051780242472887e-04
6.987376051256433346e-04
7.037675357423722310e-04
6.770222651539369984e-04
6.188527360791340904e-04
6.998673488851636648e-04
6.438985510612837970e-04
7.379253656836226583e-04
6.615910286200232370e-04
7.483787485398352146e-04
6.976128323003649278e-04
6.824868556577712514e-04
6.496324058389291167e-04
6.417464872356503768e-04
6.227265432244167166e-04
6.511540821520611210e-04
6.476840673713013963e-04
7.043141347821801467e-04
6.587283802218735435e-04
6.888131203595549302e-04
