2.302585124969482422e+00
2.275330543518066406e+00
2.182971954345703125e+00
2.148820638656616211e+00
1.960904717445373535e+00
1.846734762191772461e+00
1.898671507835388184e+00
1.987234830856323242e+00
1.727477788925170898e+00
1.679357051849365234e+00
1.655911207199096680e+00
1.945484161376953125e+00
1.698354959487915039e+00
1.740975141525268555e+00
1.504920840263366699e+00
1.651787996292114258e+00
1.830726623535156250e+00
1.567959904670715332e+00
1.488898992538452148e+00
1.590411901473999023e+00
1.523655652999877930e+00
1.389930248260498047e+00
1.430093765258789062e+00
1.598423004150390625e+00
1.525295138359069824e+00
1.492886066436767578e+00
1.517041921615600586e+00
1.579718351364135742e+00
1.534067630767822266e+00
1.534955859184265137e+00
1.509155750274658203e+00
1.357977390289306641e+00
1.338221788406372070e+00
1.428622961044311523e+00
1.477043271064758301e+00
1.391944169998168945e+00
1.393602132797241211e+00
1.428806781768798828e+00
1.321341753005981445e+00
1.212200641632080078e+00
1.320274829864501953e+00
1.525511980056762695e+00
1.295847177505493164e+00
1.389954090118408203e+00
1.332704782485961914e+00
1.369424581527709961e+00
1.343822956085205078e+00
1.202588200569152832e+00
1.422980546951293945e+00
1.149884700775146484e+00
1.297355413436889648e+00
1.401397943496704102e+00
1.302986860275268555e+00
1.260300397872924805e+00
1.265531063079833984e+00
1.407748341560363770e+00
1.142016649246215820e+00
1.241082549095153809e+00
1.204598307609558105e+00
1.170434951782226562e+00
1.147073030471801758e+00
1.305109024047851562e+00
1.183773875236511230e+00
1.307706594467163086e+00
1.033335328102111816e+00
1.198327422142028809e+00
1.262958884239196777e+00
1.144410371780395508e+00
1.172358751296997070e+00
1.188908219337463379e+00
9.935522675514221191e-01
1.401689052581787109e+00
1.245039463043212891e+00
1.358269453048706055e+00
1.166610360145568848e+00
1.248873710632324219e+00
1.252748489379882812e+00
1.128669023513793945e+00
1.285403132438659668e+00
1.102909564971923828e+00
1.160148382186889648e+00
1.253608226776123047e+00
1.112171888351440430e+00
1.172407388687133789e+00
1.164454698562622070e+00
1.122953414916992188e+00
1.110337734222412109e+00
1.145366072654724121e+00
1.101997852325439453e+00
1.297014713287353516e+00
1.069249391555786133e+00
1.250420331954956055e+00
1.088453054428100586e+00
1.113327264785766602e+00
9.522628784179687500e-01
1.320329904556274414e+00
1.053669452667236328e+00
9.119038581848144531e-01
1.081889629364013672e+00
9.426987171173095703e-01
1.054483532905578613e+00
8.969272375106811523e-01
1.146372556686401367e+00
1.141046285629272461e+00
1.080442667007446289e+00
9.444780945777893066e-01
1.126466512680053711e+00
1.161882877349853516e+00
1.018017172813415527e+00
1.157237291336059570e+00
1.157208442687988281e+00
8.269314169883728027e-01
9.710620045661926270e-01
9.778958559036254883e-01
1.016341924667358398e+00
1.040960073471069336e+00
9.745366573333740234e-01
9.462697505950927734e-01
8.170313835144042969e-01
8.912139534950256348e-01
7.923905849456787109e-01
1.006050109863281250e+00
1.062369823455810547e+00
1.044155240058898926e+00
1.206675052642822266e+00
1.173977613449096680e+00
8.909163475036621094e-01
1.139632344245910645e+00
9.255136251449584961e-01
9.212516546249389648e-01
1.149796962738037109e+00
8.804934024810791016e-01
1.067021250724792480e+00
8.718594908714294434e-01
7.684816122055053711e-01
8.875614404678344727e-01
8.134757280349731445e-01
8.854268789291381836e-01
8.456925749778747559e-01
8.510522246360778809e-01
7.878785729408264160e-01
9.059009552001953125e-01
9.120012521743774414e-01
9.186136722564697266e-01
9.785961508750915527e-01
8.779637813568115234e-01
8.459514975547790527e-01
9.192382097244262695e-01
6.957319974899291992e-01
9.575264453887939453e-01
9.703124761581420898e-01
7.620784044265747070e-01
8.615867495536804199e-01
7.571929693222045898e-01
9.537183642387390137e-01
8.932158946990966797e-01
1.068593025207519531e+00
9.481785297393798828e-01
9.547927379608154297e-01
8.478269577026367188e-01
8.446017503738403320e-01
8.711560964584350586e-01
9.041711091995239258e-01
1.050121784210205078e+00
8.771755695343017578e-01
9.118723273277282715e-01
6.169736385345458984e-01
8.869214057922363281e-01
9.025038480758666992e-01
8.544121980667114258e-01
8.482094407081604004e-01
8.461873531341552734e-01
9.592597484588623047e-01
9.726634025573730469e-01
9.697786569595336914e-01
1.133448839187622070e+00
7.847337722778320312e-01
7.788352370262145996e-01
7.213901281356811523e-01
7.872347235679626465e-01
8.599719405174255371e-01
8.640681505203247070e-01
8.276318907737731934e-01
7.670382857322692871e-01
6.976187825202941895e-01
6.921471953392028809e-01
7.237614393234252930e-01
8.902472257614135742e-01
7.017394304275512695e-01
9.267148971557617188e-01
7.875682115554809570e-01
8.302817344665527344e-01
8.697081804275512695e-01
9.326139688491821289e-01
7.452229261398315430e-01
6.540686488151550293e-01
7.273960113525390625e-01
6.854504942893981934e-01
6.976653337478637695e-01
7.761043310165405273e-01
6.799100637435913086e-01
7.580884695053100586e-01
7.783535718917846680e-01
7.357426881790161133e-01
8.594736456871032715e-01
1.122615098953247070e+00
9.656893014907836914e-01
7.298424243927001953e-01
8.394830226898193359e-01
7.667316198348999023e-01
7.655264139175415039e-01
7.893075346946716309e-01
6.376001238822937012e-01
5.639237165451049805e-01
8.712664246559143066e-01
6.614360809326171875e-01
6.277039051055908203e-01
7.632241845130920410e-01
8.083212375640869141e-01
7.029663324356079102e-01
7.648101449012756348e-01
5.732737779617309570e-01
6.746441125869750977e-01
5.811794400215148926e-01
9.643507003784179688e-01
7.382122874259948730e-01
8.195948004722595215e-01
9.352778196334838867e-01
6.900986433029174805e-01
6.433284282684326172e-01
5.553407669067382812e-01
7.398223876953125000e-01
6.894675493240356445e-01
8.463043570518493652e-01
7.961500883102416992e-01
7.338227033615112305e-01
7.446506023406982422e-01
4.893872141838073730e-01
6.312389969825744629e-01
6.657140851020812988e-01
8.840975761413574219e-01
6.620102524757385254e-01
7.690637111663818359e-01
6.360355615615844727e-01
7.179387807846069336e-01
7.303071618080139160e-01
6.921685338020324707e-01
7.590692043304443359e-01
6.071882247924804688e-01
6.857414245605468750e-01
6.488816142082214355e-01
6.489886045455932617e-01
6.460935473442077637e-01
8.296989202499389648e-01
7.913665771484375000e-01
6.615089178085327148e-01
6.804502010345458984e-01
8.173992633819580078e-01
6.841501593589782715e-01
7.184925675392150879e-01
7.882382869720458984e-01
5.625758171081542969e-01
5.799503326416015625e-01
5.391479730606079102e-01
6.334296464920043945e-01
7.135015130043029785e-01
6.901423931121826172e-01
7.675468921661376953e-01
7.591066360473632812e-01
6.518929600715637207e-01
6.264834403991699219e-01
7.200912237167358398e-01
6.574399471282958984e-01
6.657325029373168945e-01
8.496139049530029297e-01
5.604917407035827637e-01
5.830574631690979004e-01
8.338215351104736328e-01
6.181723475456237793e-01
7.038922309875488281e-01
6.742209792137145996e-01
5.971061587333679199e-01
6.857358217239379883e-01
5.608066320419311523e-01
8.079310655593872070e-01
6.744014620780944824e-01
7.020010948181152344e-01
6.650824546813964844e-01
7.457841038703918457e-01
5.290156602859497070e-01
6.724652647972106934e-01
5.640995502471923828e-01
4.601908922195434570e-01
7.907484769821166992e-01
6.496081352233886719e-01
5.398156642913818359e-01
6.897901296615600586e-01
5.561355948448181152e-01
5.156990289688110352e-01
6.162978410720825195e-01
5.188009738922119141e-01
5.446895360946655273e-01
7.037091255187988281e-01
6.084979176521301270e-01
4.607419967651367188e-01
5.787057876586914062e-01
6.970883011817932129e-01
6.046112775802612305e-01
5.368350744247436523e-01
5.443114042282104492e-01
4.995523989200592041e-01
4.843947887420654297e-01
6.268922090530395508e-01
5.591670870780944824e-01
5.972104072570800781e-01
5.255583524703979492e-01
6.256895661354064941e-01
4.089435040950775146e-01
7.130597233772277832e-01
4.798294603824615479e-01
5.997869372367858887e-01
5.218138694763183594e-01
6.440521478652954102e-01
5.568445920944213867e-01
5.383387207984924316e-01
6.236397027969360352e-01
5.956425666809082031e-01
6.876392960548400879e-01
6.036562323570251465e-01
4.746924042701721191e-01
4.233167469501495361e-01
5.480303764343261719e-01
6.351206898689270020e-01
5.153232812881469727e-01
5.557060837745666504e-01
6.787830591201782227e-01
5.949687957763671875e-01
6.543447971343994141e-01
6.161891222000122070e-01
4.799701869487762451e-01
5.919864177703857422e-01
4.685733318328857422e-01
4.306302368640899658e-01
4.774659276008605957e-01
7.323807477951049805e-01
5.253108739852905273e-01
6.192186474800109863e-01
7.278521656990051270e-01
6.038637757301330566e-01
6.686217784881591797e-01
5.553679466247558594e-01
4.213371872901916504e-01
4.552058577537536621e-01
4.147328138351440430e-01
5.522419214248657227e-01
3.362674713134765625e-01
6.942766904830932617e-01
5.669586658477783203e-01
5.674988031387329102e-01
5.628903508186340332e-01
4.953233599662780762e-01
5.952618122100830078e-01
4.783064723014831543e-01
3.207872509956359863e-01
4.978588521480560303e-01
6.492766141891479492e-01
6.892392635345458984e-01
5.685230493545532227e-01
5.505271553993225098e-01
3.616061806678771973e-01
4.406778216361999512e-01
4.257904887199401855e-01
4.482675194740295410e-01
5.214077234268188477e-01
3.985737264156341553e-01
3.989092707633972168e-01
7.103482484817504883e-01
4.359720349311828613e-01
6.314452886581420898e-01
4.089746475219726562e-01
4.214572906494140625e-01
5.935373306274414062e-01
4.856979250907897949e-01
4.021559059619903564e-01
6.110196709632873535e-01
5.730606913566589355e-01
5.945013165473937988e-01
4.291301369667053223e-01
5.287806391716003418e-01
4.867440462112426758e-01
4.979400336742401123e-01
3.801777660846710205e-01
5.649502277374267578e-01
4.935399293899536133e-01
4.082021713256835938e-01
5.254043340682983398e-01
4.966276288032531738e-01
4.903620481491088867e-01
5.147927999496459961e-01
5.811730623245239258e-01
5.177804231643676758e-01
4.964289069175720215e-01
6.158283352851867676e-01
4.494869112968444824e-01
5.226247310638427734e-01
4.718336164951324463e-01
7.255263328552246094e-01
5.144581198692321777e-01
4.465249180793762207e-01
4.399119615554809570e-01
4.804100394248962402e-01
4.258702695369720459e-01
4.856624305248260498e-01
4.295023679733276367e-01
3.108443021774291992e-01
5.057917237281799316e-01
6.269600391387939453e-01
4.470526576042175293e-01
5.452551245689392090e-01
6.140369176864624023e-01
6.931738257408142090e-01
4.027790427207946777e-01
3.789488375186920166e-01
4.119108319282531738e-01
4.466081261634826660e-01
4.699515700340270996e-01
6.023491621017456055e-01
4.493635892868041992e-01
4.174642562866210938e-01
3.521146774291992188e-01
4.420240521430969238e-01
4.680069983005523682e-01
3.605472743511199951e-01
3.848143219947814941e-01
4.404866099357604980e-01
5.175696611404418945e-01
4.343997836112976074e-01
3.490449786186218262e-01
4.661160707473754883e-01
4.118162691593170166e-01
3.908365666866302490e-01
3.082661032676696777e-01
4.972829818725585938e-01
3.051974177360534668e-01
4.298825263977050781e-01
3.547104597091674805e-01
6.215182542800903320e-01
5.233649015426635742e-01
4.588581025600433350e-01
3.485430181026458740e-01
4.649357795715332031e-01
2.991719245910644531e-01
2.887136936187744141e-01
4.660991430282592773e-01
4.590478539466857910e-01
4.575819671154022217e-01
3.415402770042419434e-01
4.898220300674438477e-01
3.914861679077148438e-01
4.070818424224853516e-01
4.003197252750396729e-01
3.257783353328704834e-01
3.890290856361389160e-01
4.557778835296630859e-01
5.294345617294311523e-01
4.426295757293701172e-01
6.687191724777221680e-01
2.851108014583587646e-01
4.002018272876739502e-01
3.109319210052490234e-01
4.391431808471679688e-01
3.846663236618041992e-01
3.836742639541625977e-01
3.444878458976745605e-01
2.752128839492797852e-01
5.472244024276733398e-01
3.994204699993133545e-01
3.613473773002624512e-01
2.867074012756347656e-01
4.534756243228912354e-01
3.334510326385498047e-01
3.344249725341796875e-01
3.063194155693054199e-01
4.603633284568786621e-01
5.088618993759155273e-01
2.752954661846160889e-01
4.157797098159790039e-01
4.082350432872772217e-01
4.759801328182220459e-01
4.375844001770019531e-01
4.375265836715698242e-01
4.271858632564544678e-01
3.036782145500183105e-01
5.054528713226318359e-01
5.592890977859497070e-01
3.231651782989501953e-01
4.791060388088226318e-01
4.527109265327453613e-01
3.662797212600708008e-01
2.579735517501831055e-01
4.064152836799621582e-01
2.393058091402053833e-01
3.893327116966247559e-01
3.636363446712493896e-01
3.112129867076873779e-01
2.832036316394805908e-01
3.096204400062561035e-01
3.928934931755065918e-01
3.252074122428894043e-01
3.504491448402404785e-01
2.628222405910491943e-01
4.267200827598571777e-01
3.462228178977966309e-01
4.755792319774627686e-01
5.216944217681884766e-01
4.400752186775207520e-01
4.615787267684936523e-01
3.428060412406921387e-01
4.058349728584289551e-01
2.257697284221649170e-01
3.126715123653411865e-01
3.734142780303955078e-01
3.399623036384582520e-01
2.779698967933654785e-01
3.783676028251647949e-01
3.716152906417846680e-01
5.798656940460205078e-01
4.876204729080200195e-01
2.696756124496459961e-01
2.142808437347412109e-01
4.275528788566589355e-01
4.096459746360778809e-01
2.333239316940307617e-01
3.502005636692047119e-01
5.229084491729736328e-01
5.840101838111877441e-01
5.501399040222167969e-01
4.512720704078674316e-01
3.168033659458160400e-01
3.907146453857421875e-01
3.518897593021392822e-01
3.129280805587768555e-01
2.515449225902557373e-01
3.313676416873931885e-01
2.257366925477981567e-01
4.038228392601013184e-01
3.777259588241577148e-01
3.276702165603637695e-01
2.383172661066055298e-01
3.163267076015472412e-01
3.082829117774963379e-01
3.147723078727722168e-01
3.118791580200195312e-01
3.486120998859405518e-01
4.373077750205993652e-01
3.352618813514709473e-01
4.984318912029266357e-01
5.334194302558898926e-01
5.786888003349304199e-01
6.112931966781616211e-01
5.834994316101074219e-01
3.412484228610992432e-01
2.347437590360641479e-01
5.769321322441101074e-01
2.898218631744384766e-01
4.089853763580322266e-01
3.119232356548309326e-01
3.101207017898559570e-01
3.134074211120605469e-01
3.542510569095611572e-01
3.677361309528350830e-01
3.840529918670654297e-01
4.580959081649780273e-01
3.434665799140930176e-01
4.590357840061187744e-01
3.422384858131408691e-01
5.203396081924438477e-01
3.897465169429779053e-01
3.923201560974121094e-01
5.658096671104431152e-01
2.667955756187438965e-01
5.751662850379943848e-01
2.328359484672546387e-01
4.466712474822998047e-01
2.621547579765319824e-01
2.496928423643112183e-01
3.179035186767578125e-01
2.981258630752563477e-01
3.736725151538848877e-01
3.773359954357147217e-01
4.961711168289184570e-01
4.648638367652893066e-01
3.631488382816314697e-01
3.441196084022521973e-01
2.458468973636627197e-01
3.395212292671203613e-01
2.970263957977294922e-01
3.633835315704345703e-01
2.304158508777618408e-01
4.506911635398864746e-01
3.439683318138122559e-01
4.766208827495574951e-01
2.570142745971679688e-01
2.963209748268127441e-01
3.030069172382354736e-01
2.146803438663482666e-01
3.103592991828918457e-01
3.663363158702850342e-01
2.569462358951568604e-01
2.346050143241882324e-01
3.867826461791992188e-01
4.647685289382934570e-01
5.396742224693298340e-01
2.533215284347534180e-01
4.038299918174743652e-01
3.336347937583923340e-01
6.272310018539428711e-01
3.827860951423645020e-01
2.958731055259704590e-01
2.921794056892395020e-01
2.659909725189208984e-01
5.002243518829345703e-01
2.416883707046508789e-01
3.149161934852600098e-01
3.500370383262634277e-01
3.599259257316589355e-01
2.395998984575271606e-01
2.958236634731292725e-01
3.974407315254211426e-01
1.248591393232345581e-01
2.740662693977355957e-01
2.321300953626632690e-01
2.770061790943145752e-01
2.190319150686264038e-01
2.324015945196151733e-01
3.041667938232421875e-01
3.060675263404846191e-01
3.900926113128662109e-01
2.159924805164337158e-01
2.308731377124786377e-01
2.665092945098876953e-01
2.862445414066314697e-01
1.781733334064483643e-01
2.140017896890640259e-01
2.084813117980957031e-01
2.130879163742065430e-01
3.079768419265747070e-01
2.253341078758239746e-01
2.547267377376556396e-01
2.799689173698425293e-01
2.094833552837371826e-01
3.009335398674011230e-01
3.685323297977447510e-01
2.795097231864929199e-01
2.425583451986312866e-01
2.608156204223632812e-01
3.345706462860107422e-01
3.094481527805328369e-01
2.059918940067291260e-01
2.593707442283630371e-01
2.670472264289855957e-01
4.068077206611633301e-01
2.452606409788131714e-01
1.444728672504425049e-01
1.806700527667999268e-01
2.504972815513610840e-01
3.244739770889282227e-01
2.157606482505798340e-01
1.953611075878143311e-01
2.143865823745727539e-01
2.930280566215515137e-01
5.926452279090881348e-01
1.879971921443939209e-01
3.209486603736877441e-01
1.718501150608062744e-01
2.618633508682250977e-01
2.403703331947326660e-01
4.063113629817962646e-01
2.881053388118743896e-01
2.277252525091171265e-01
4.529896378517150879e-01
2.156873941421508789e-01
2.696606516838073730e-01
1.544822007417678833e-01
1.297799050807952881e-01
2.785203456878662109e-01
3.518059849739074707e-01
1.875887960195541382e-01
1.353065073490142822e-01
1.624806821346282959e-01
3.454073667526245117e-01
4.799852073192596436e-01
2.859218120574951172e-01
1.823612153530120850e-01
1.858613193035125732e-01
1.831630170345306396e-01
2.564482986927032471e-01
4.153829813003540039e-01
4.436609447002410889e-01
2.038214653730392456e-01
4.737818837165832520e-01
2.913807630538940430e-01
2.686788439750671387e-01
2.333756089210510254e-01
1.852693855762481689e-01
2.383484840393066406e-01
2.173872739076614380e-01
1.856260448694229126e-01
1.586678624153137207e-01
1.509626954793930054e-01
2.793793380260467529e-01
3.076684772968292236e-01
3.022679090499877930e-01
1.804219782352447510e-01
1.218199804425239563e-01
1.822679638862609863e-01
2.315207570791244507e-01
2.642210721969604492e-01
2.344352602958679199e-01
1.830793768167495728e-01
5.232878923416137695e-01
2.916117608547210693e-01
3.247236609458923340e-01
2.245028764009475708e-01
1.769083738327026367e-01
3.358186483383178711e-01
2.278431355953216553e-01
2.821899950504302979e-01
1.858167350292205811e-01
1.584225893020629883e-01
1.432882994413375854e-01
2.730003297328948975e-01
4.745542109012603760e-01
1.928900182247161865e-01
2.400197982788085938e-01
1.869220733642578125e-01
9.164060652256011963e-02
1.756850183010101318e-01
1.491453051567077637e-01
2.177642136812210083e-01
2.721242904663085938e-01
6.959927082061767578e-01
1.704240143299102783e-01
2.376942038536071777e-01
1.345427036285400391e-01
2.800053358078002930e-01
2.613852620124816895e-01
3.476017713546752930e-01
2.356515824794769287e-01
1.585098505020141602e-01
2.031403183937072754e-01
3.337266445159912109e-01
2.285985946655273438e-01
1.696339547634124756e-01
1.932862997055053711e-01
1.963125765323638916e-01
2.305795103311538696e-01
1.936117857694625854e-01
2.226877510547637939e-01
1.039438918232917786e-01
1.045191362500190735e-01
1.719768941402435303e-01
2.864584326744079590e-01
1.443081051111221313e-01
1.041955575346946716e-01
1.827454268932342529e-01
1.641772240400314331e-01
2.805810570716857910e-01
2.099896967411041260e-01
1.174561530351638794e-01
1.559006273746490479e-01
1.492532789707183838e-01
2.624019980430603027e-01
9.647329151630401611e-02
1.835753321647644043e-01
1.608687490224838257e-01
2.919107079505920410e-01
2.475206702947616577e-01
1.705941557884216309e-01
1.286911070346832275e-01
1.408499777317047119e-01
3.298562169075012207e-01
4.109061658382415771e-01
5.099742412567138672e-01
1.162421852350234985e-01
1.869124323129653931e-01
2.243428528308868408e-01
1.705436706542968750e-01
1.947894543409347534e-01
1.899665594100952148e-01
1.283319592475891113e-01
2.392377108335494995e-01
2.594159841537475586e-01
3.712605834007263184e-01
1.451056599617004395e-01
1.353576779365539551e-01
9.163204580545425415e-02
1.315529048442840576e-01
2.190399765968322754e-01
1.349445283412933350e-01
2.150458842515945435e-01
2.959154546260833740e-01
1.845748722553253174e-01
3.281115293502807617e-01
1.583316177129745483e-01
1.700159907341003418e-01
1.173579320311546326e-01
1.919150054454803467e-01
2.840752601623535156e-01
1.882952451705932617e-01
9.477315843105316162e-02
1.156471073627471924e-01
2.533110678195953369e-01
2.836674451828002930e-01
2.923812866210937500e-01
1.240362972021102905e-01
1.564012765884399414e-01
1.688924133777618408e-01
1.987072527408599854e-01
1.078926473855972290e-01
1.640299558639526367e-01
2.551077604293823242e-01
9.483896940946578979e-02
1.815910190343856812e-01
1.299872398376464844e-01
1.524502336978912354e-01
7.123295217752456665e-02
1.570034623146057129e-01
1.761349439620971680e-01
1.512247771024703979e-01
1.460127681493759155e-01
2.123710513114929199e-01
1.745478510856628418e-01
1.077262312173843384e-01
1.942675262689590454e-01
2.395003288984298706e-01
1.485081613063812256e-01
9.405697882175445557e-02
1.972279250621795654e-01
1.877843439579010010e-01
6.733724474906921387e-02
2.277697026729583740e-01
1.949856281280517578e-01
1.650741994380950928e-01
2.111715972423553467e-01
1.214347481727600098e-01
1.652627289295196533e-01
1.337236613035202026e-01
8.421187847852706909e-02
1.759022623300552368e-01
1.109934300184249878e-01
1.281765401363372803e-01
1.947885006666183472e-01
1.408849656581878662e-01
1.325068473815917969e-01
1.569952070713043213e-01
1.682869046926498413e-01
4.240098893642425537e-01
2.570666074752807617e-01
3.860086500644683838e-01
1.538629829883575439e-01
1.521595716476440430e-01
1.385747641324996948e-01
1.538566648960113525e-01
1.619469970464706421e-01
1.991426795721054077e-01
3.627653121948242188e-01
1.127019375562667847e-01
7.693780958652496338e-02
1.094405278563499451e-01
1.991883069276809692e-01
1.160129979252815247e-01
1.227329671382904053e-01
1.684667915105819702e-01
1.047842651605606079e-01
2.175206094980239868e-01
1.510821878910064697e-01
8.174034953117370605e-02
1.579625308513641357e-01
1.503162235021591187e-01
1.800828576087951660e-01
2.311074584722518921e-01
1.466455161571502686e-01
1.753046959638595581e-01
1.369986236095428467e-01
1.057926863431930542e-01
3.437761962413787842e-01
2.763477265834808350e-01
5.914823710918426514e-02
1.011627018451690674e-01
1.576095223426818848e-01
1.383991390466690063e-01
1.018882840871810913e-01
1.348275542259216309e-01
2.494476735591888428e-01
5.685710161924362183e-02
2.054102867841720581e-01
9.119655191898345947e-02
1.487819403409957886e-01
1.195792406797409058e-01
1.658224016427993774e-01
7.416053116321563721e-02
8.721722662448883057e-02
1.905181258916854858e-01
1.957465559244155884e-01
1.078062653541564941e-01
2.434161305427551270e-01
3.793361783027648926e-01
1.123056784272193909e-01
5.956891924142837524e-02
9.730993211269378662e-02
9.306642413139343262e-02
1.621840149164199829e-01
9.746727347373962402e-02
1.100862324237823486e-01
8.085968345403671265e-02
8.598621189594268799e-02
8.975074440240859985e-02
2.663133107125759125e-02
6.691485643386840820e-02
7.019758224487304688e-02
1.243213415145874023e-01
1.142140701413154602e-01
1.393525898456573486e-01
1.470009684562683105e-01
7.343396544456481934e-02
8.169895410537719727e-02
2.682852745056152344e-01
1.424516141414642334e-01
8.266380429267883301e-02
8.873297274112701416e-02
7.967905700206756592e-02
7.800177484750747681e-02
4.983275383710861206e-02
9.601333737373352051e-02
1.088063269853591919e-01
3.214729949831962585e-02
8.235758543014526367e-02
5.918151512742042542e-02
1.026710942387580872e-01
8.295065164566040039e-02
1.120245903730392456e-01
5.687347799539566040e-02
9.489317238330841064e-02
9.213936328887939453e-02
1.776893138885498047e-01
1.195780038833618164e-01
1.075468137860298157e-01
9.615541994571685791e-02
6.195777654647827148e-02
6.781870126724243164e-02
2.106234729290008545e-01
1.346768736839294434e-01
1.176117509603500366e-01
6.375019997358322144e-02
1.539265811443328857e-01
1.299985647201538086e-01
1.553341448307037354e-01
4.818975180387496948e-02
5.743171647191047668e-02
1.274743229150772095e-01
1.381932049989700317e-01
1.212646663188934326e-01
1.409333646297454834e-01
9.412221610546112061e-02
1.971053481101989746e-01
1.804558038711547852e-01
6.096725165843963623e-02
6.837978959083557129e-02
9.523170441389083862e-02
1.036079525947570801e-01
7.672870159149169922e-02
9.405132383108139038e-02
7.723647356033325195e-02
1.049407273530960083e-01
4.911622777581214905e-02
4.428134858608245850e-02
4.816885292530059814e-02
1.129508987069129944e-01
5.476181209087371826e-02
6.319221109151840210e-02
5.842874199151992798e-02
1.598605662584304810e-01
4.725146666169166565e-02
5.163343623280525208e-02
3.104401007294654846e-02
2.621830105781555176e-01
2.535920143127441406e-01
7.463445514440536499e-02
5.508507043123245239e-02
8.105348050594329834e-02
3.665716201066970825e-02
1.005428656935691833e-01
6.838286668062210083e-02
5.988932028412818909e-02
9.091081470251083374e-02
3.255288675427436829e-02
4.517868533730506897e-02
7.352901995182037354e-02
