2.302585124969482422e+00
2.140341758728027344e+00
2.174713611602783203e+00
2.006742238998413086e+00
1.996590733528137207e+00
1.803445458412170410e+00
1.979051113128662109e+00
1.883182048797607422e+00
1.823971509933471680e+00
1.632202386856079102e+00
1.824500203132629395e+00
1.804605484008789062e+00
1.771633863449096680e+00
1.749420046806335449e+00
1.568995714187622070e+00
1.649624347686767578e+00
1.867663621902465820e+00
1.675470471382141113e+00
1.551491022109985352e+00
1.597627758979797363e+00
1.577718496322631836e+00
1.593751192092895508e+00
1.606515645980834961e+00
1.734905838966369629e+00
1.642989039421081543e+00
1.704475522041320801e+00
1.509572505950927734e+00
1.575519084930419922e+00
1.491042256355285645e+00
1.506534337997436523e+00
1.630483388900756836e+00
1.418327331542968750e+00
1.494933485984802246e+00
1.415621995925903320e+00
1.686967968940734863e+00
1.434646129608154297e+00
1.531353592872619629e+00
1.532870054244995117e+00
1.340941905975341797e+00
1.297516465187072754e+00
1.402260899543762207e+00
1.614006996154785156e+00
1.494903802871704102e+00
1.587021827697753906e+00
1.417295455932617188e+00
1.506128311157226562e+00
1.571921944618225098e+00
1.307388782501220703e+00
1.451394915580749512e+00
1.422035455703735352e+00
1.366505503654479980e+00
1.531839609146118164e+00
1.316465139389038086e+00
1.352766394615173340e+00
1.484974622726440430e+00
1.549068212509155273e+00
1.279460430145263672e+00
1.322511196136474609e+00
1.429122686386108398e+00
1.319450974464416504e+00
1.217429041862487793e+00
1.304136276245117188e+00
1.488713264465332031e+00
1.348243474960327148e+00
1.260893106460571289e+00
1.397623538970947266e+00
1.441195964813232422e+00
1.249555587768554688e+00
1.252773880958557129e+00
1.333380937576293945e+00
1.170763731002807617e+00
1.432132959365844727e+00
1.336278915405273438e+00
1.508379220962524414e+00
1.214952468872070312e+00
1.282050848007202148e+00
1.297937750816345215e+00
1.219456434249877930e+00
1.369671344757080078e+00
1.267459392547607422e+00
1.464267849922180176e+00
1.450767278671264648e+00
1.291390061378479004e+00
1.358505964279174805e+00
1.290738582611083984e+00
1.292534828186035156e+00
1.336731076240539551e+00
1.355314016342163086e+00
1.305071711540222168e+00
1.348003268241882324e+00
1.194748878479003906e+00
1.391413927078247070e+00
1.346243143081665039e+00
1.294623970985412598e+00
1.215899944305419922e+00
1.359361648559570312e+00
1.257686495780944824e+00
1.159954786300659180e+00
1.138097643852233887e+00
1.315422773361206055e+00
1.171941637992858887e+00
1.189677000045776367e+00
1.326885938644409180e+00
1.390088319778442383e+00
1.227993845939636230e+00
1.185674905776977539e+00
1.326075673103332520e+00
1.272292375564575195e+00
1.159277319908142090e+00
1.320711016654968262e+00
1.195816755294799805e+00
1.122999429702758789e+00
1.164598822593688965e+00
1.212198257446289062e+00
1.152885913848876953e+00
1.209696531295776367e+00
1.153741598129272461e+00
1.105350971221923828e+00
1.035496354103088379e+00
1.115606546401977539e+00
1.014346361160278320e+00
1.191625475883483887e+00
1.133161544799804688e+00
1.390523076057434082e+00
1.142345428466796875e+00
1.154217720031738281e+00
1.185895800590515137e+00
1.178186774253845215e+00
1.154890775680541992e+00
1.197865724563598633e+00
1.407774090766906738e+00
1.096395730972290039e+00
1.314958691596984863e+00
1.137998223304748535e+00
9.245611429214477539e-01
1.169513702392578125e+00
1.035212874412536621e+00
1.162889242172241211e+00
1.332463264465332031e+00
1.050868391990661621e+00
1.070945262908935547e+00
1.233662486076354980e+00
1.150223970413208008e+00
1.194509029388427734e+00
1.198873043060302734e+00
1.055892586708068848e+00
1.136812925338745117e+00
1.147565364837646484e+00
9.504117965698242188e-01
1.205865740776062012e+00
1.225261569023132324e+00
9.677183628082275391e-01
1.066824436187744141e+00
9.917586445808410645e-01
1.214531421661376953e+00
1.169916152954101562e+00
1.301665306091308594e+00
1.235471248626708984e+00
1.199109315872192383e+00
1.234990477561950684e+00
1.053449630737304688e+00
1.028210163116455078e+00
1.249005794525146484e+00
1.205629825592041016e+00
1.223325371742248535e+00
1.284083127975463867e+00
9.544107317924499512e-01
1.046803116798400879e+00
1.143411874771118164e+00
1.079741835594177246e+00
1.131159543991088867e+00
1.046795010566711426e+00
1.216377735137939453e+00
1.231018066406250000e+00
9.851437211036682129e-01
1.254578351974487305e+00
1.126266121864318848e+00
1.059997320175170898e+00
1.026457428932189941e+00
1.105996966361999512e+00
1.111355781555175781e+00
1.173371076583862305e+00
1.126689672470092773e+00
1.137806415557861328e+00
1.017144441604614258e+00
9.387892484664916992e-01
1.105495452880859375e+00
1.001670718193054199e+00
1.098374128341674805e+00
1.150665044784545898e+00
1.119493603706359863e+00
1.056259155273437500e+00
1.215206265449523926e+00
1.104404687881469727e+00
1.157603144645690918e+00
9.826031923294067383e-01
1.174183845520019531e+00
9.780071973800659180e-01
1.084812164306640625e+00
1.099889993667602539e+00
1.202620744705200195e+00
9.503436088562011719e-01
9.641700983047485352e-01
1.115366697311401367e+00
1.130601406097412109e+00
1.224261760711669922e+00
1.060708284378051758e+00
9.465416073799133301e-01
1.002712607383728027e+00
1.001177787780761719e+00
1.019685029983520508e+00
1.100673913955688477e+00
1.130285501480102539e+00
1.003293991088867188e+00
1.259482622146606445e+00
8.797893524169921875e-01
1.054814815521240234e+00
1.077041268348693848e+00
9.838433265686035156e-01
9.649459123611450195e-01
1.135493636131286621e+00
9.656761884689331055e-01
9.668703079223632812e-01
9.674782752990722656e-01
1.041972517967224121e+00
9.573538899421691895e-01
1.111278533935546875e+00
1.042125821113586426e+00
9.536459445953369141e-01
9.629162549972534180e-01
7.456725835800170898e-01
1.004848480224609375e+00
9.106764793395996094e-01
1.122116327285766602e+00
9.218041896820068359e-01
9.840968847274780273e-01
1.038433074951171875e+00
8.780132532119750977e-01
9.605795741081237793e-01
9.516949653625488281e-01
9.698605537414550781e-01
8.434498310089111328e-01
1.101073741912841797e+00
9.054348468780517578e-01
9.019852876663208008e-01
1.034908771514892578e+00
8.898283243179321289e-01
8.958544135093688965e-01
1.028098344802856445e+00
1.001403808593750000e+00
8.699004650115966797e-01
9.698759317398071289e-01
1.094881534576416016e+00
1.083737373352050781e+00
9.292330741882324219e-01
8.893845677375793457e-01
1.021259069442749023e+00
1.083873987197875977e+00
1.174787640571594238e+00
9.718250036239624023e-01
1.117181658744812012e+00
9.118431806564331055e-01
8.359724283218383789e-01
8.598815798759460449e-01
8.545534610748291016e-01
9.276722669601440430e-01
9.686447381973266602e-01
1.043193101882934570e+00
9.463652372360229492e-01
1.039264678955078125e+00
1.022450685501098633e+00
1.061974525451660156e+00
1.028111577033996582e+00
8.130021095275878906e-01
1.075825452804565430e+00
1.074560403823852539e+00
9.047863483428955078e-01
1.045020103454589844e+00
1.028780698776245117e+00
9.971426725387573242e-01
9.185057878494262695e-01
9.187085628509521484e-01
1.036661624908447266e+00
8.311611413955688477e-01
1.032008409500122070e+00
1.106758832931518555e+00
9.772330522537231445e-01
1.006645560264587402e+00
1.085732460021972656e+00
1.054541110992431641e+00
8.429543972015380859e-01
9.020839929580688477e-01
7.547687888145446777e-01
8.022097945213317871e-01
8.248888254165649414e-01
1.037616729736328125e+00
8.892093300819396973e-01
9.555725455284118652e-01
9.414287805557250977e-01
8.295202255249023438e-01
9.335225820541381836e-01
8.145530223846435547e-01
9.402599334716796875e-01
1.034228563308715820e+00
8.131292462348937988e-01
1.012344717979431152e+00
8.192706704139709473e-01
9.321230649948120117e-01
7.681148052215576172e-01
1.043399572372436523e+00
8.578317165374755859e-01
8.344368934631347656e-01
9.269069433212280273e-01
8.181933164596557617e-01
9.342921376228332520e-01
9.649437069892883301e-01
1.029392480850219727e+00
8.093963861465454102e-01
9.527562856674194336e-01
8.036870360374450684e-01
7.806320786476135254e-01
1.007644057273864746e+00
9.582148790359497070e-01
9.074897766113281250e-01
8.980042934417724609e-01
1.038758873939514160e+00
9.334328174591064453e-01
1.003369808197021484e+00
1.189567208290100098e+00
7.268180847167968750e-01
9.091467857360839844e-01
8.476612567901611328e-01
1.027240753173828125e+00
7.951380014419555664e-01
1.039807558059692383e+00
9.772722125053405762e-01
9.327158927917480469e-01
9.157333970069885254e-01
7.697185873985290527e-01
7.249469757080078125e-01
1.072827339172363281e+00
9.602420330047607422e-01
7.719265818595886230e-01
9.730657339096069336e-01
1.047280907630920410e+00
9.646992683410644531e-01
9.816888570785522461e-01
8.833783864974975586e-01
1.104745388031005859e+00
1.020195245742797852e+00
8.800834417343139648e-01
7.784398794174194336e-01
8.310174942016601562e-01
7.534327507019042969e-01
8.920471668243408203e-01
7.212432622909545898e-01
8.742674589157104492e-01
1.084203600883483887e+00
1.032921791076660156e+00
9.430947899818420410e-01
9.013668894767761230e-01
9.606045484542846680e-01
9.970065951347351074e-01
7.300975322723388672e-01
8.917897939682006836e-01
7.916610836982727051e-01
9.841489791870117188e-01
9.150058627128601074e-01
9.171308279037475586e-01
8.221559524536132812e-01
7.152671813964843750e-01
7.801297903060913086e-01
8.478190302848815918e-01
1.078975200653076172e+00
8.606044054031372070e-01
8.989179730415344238e-01
8.119089007377624512e-01
8.549001216888427734e-01
9.542541503906250000e-01
8.767228722572326660e-01
9.248055219650268555e-01
9.224495887756347656e-01
8.210161924362182617e-01
7.948333024978637695e-01
8.547254800796508789e-01
8.763165473937988281e-01
9.622758030891418457e-01
9.002480506896972656e-01
7.720791101455688477e-01
8.275036811828613281e-01
9.124275445938110352e-01
7.231845259666442871e-01
8.627741932868957520e-01
8.236888647079467773e-01
9.003940820693969727e-01
8.415627479553222656e-01
9.632911682128906250e-01
8.121334910392761230e-01
9.317288398742675781e-01
9.758015275001525879e-01
8.662647008895874023e-01
9.048619270324707031e-01
9.936461448669433594e-01
6.836304068565368652e-01
9.199801683425903320e-01
8.306107521057128906e-01
9.073218107223510742e-01
8.031063675880432129e-01
7.789543867111206055e-01
8.661075234413146973e-01
9.499287009239196777e-01
8.481820821762084961e-01
9.858179688453674316e-01
7.408233880996704102e-01
7.159692049026489258e-01
8.957190513610839844e-01
8.726899623870849609e-01
7.988333106040954590e-01
9.191168546676635742e-01
8.878359794616699219e-01
1.008969902992248535e+00
7.345852851867675781e-01
6.945691704750061035e-01
9.880340099334716797e-01
7.353961467742919922e-01
1.031584978103637695e+00
9.554917812347412109e-01
9.017343521118164062e-01
9.223679304122924805e-01
8.189423084259033203e-01
9.160693883895874023e-01
1.010879755020141602e+00
7.496049404144287109e-01
8.509617447853088379e-01
8.968071937561035156e-01
9.780509471893310547e-01
8.727924823760986328e-01
7.915539741516113281e-01
8.069527149200439453e-01
8.530946969985961914e-01
9.266564846038818359e-01
7.296900749206542969e-01
6.833305358886718750e-01
6.978244781494140625e-01
8.719646930694580078e-01
7.493168115615844727e-01
7.961866259574890137e-01
8.543764352798461914e-01
7.454452514648437500e-01
8.732675313949584961e-01
7.775043249130249023e-01
7.529596090316772461e-01
6.962308883666992188e-01
8.081096410751342773e-01
8.088094592094421387e-01
8.613420724868774414e-01
8.016982078552246094e-01
8.125551939010620117e-01
8.575944900512695312e-01
7.547165155410766602e-01
8.155513405799865723e-01
8.471049070358276367e-01
7.576612234115600586e-01
7.264521121978759766e-01
8.616955876350402832e-01
8.341090679168701172e-01
9.179766774177551270e-01
6.325953006744384766e-01
6.336234807968139648e-01
8.745440244674682617e-01
8.450742959976196289e-01
7.361150979995727539e-01
6.007928848266601562e-01
8.637084960937500000e-01
8.549038171768188477e-01
7.665104866027832031e-01
9.235993623733520508e-01
6.944951415061950684e-01
7.948004007339477539e-01
7.875193357467651367e-01
6.397433280944824219e-01
9.103146791458129883e-01
8.890556097030639648e-01
7.270047664642333984e-01
8.751958012580871582e-01
7.813683152198791504e-01
9.650682210922241211e-01
7.442620396614074707e-01
9.041794538497924805e-01
8.554874658584594727e-01
9.102565050125122070e-01
7.230924963951110840e-01
7.956297397613525391e-01
7.604062557220458984e-01
8.305562734603881836e-01
7.861775159835815430e-01
8.128703832626342773e-01
9.164958000183105469e-01
6.988589167594909668e-01
8.211180567741394043e-01
7.803208827972412109e-01
8.653805255889892578e-01
8.822667598724365234e-01
8.079993724822998047e-01
7.600345611572265625e-01
7.865430712699890137e-01
7.702144384384155273e-01
8.343560695648193359e-01
6.703089475631713867e-01
6.934889554977416992e-01
7.506784200668334961e-01
8.468009233474731445e-01
7.228222489356994629e-01
8.927413225173950195e-01
8.319996595382690430e-01
8.483656048774719238e-01
8.096409440040588379e-01
8.984395861625671387e-01
7.011432051658630371e-01
8.155827522277832031e-01
7.357734441757202148e-01
7.746439576148986816e-01
8.122664093971252441e-01
6.485508680343627930e-01
9.110985994338989258e-01
7.370615601539611816e-01
7.660905122756958008e-01
7.223213315010070801e-01
8.332559466361999512e-01
7.793388962745666504e-01
8.828887939453125000e-01
9.001352190971374512e-01
7.303428649902343750e-01
7.534705400466918945e-01
6.780451536178588867e-01
7.098563313484191895e-01
7.485269308090209961e-01
8.739686608314514160e-01
7.209279537200927734e-01
7.230446934700012207e-01
7.430313825607299805e-01
7.328979372978210449e-01
6.260235309600830078e-01
7.439349293708801270e-01
7.236379384994506836e-01
1.003981471061706543e+00
8.692623376846313477e-01
6.813633441925048828e-01
8.171589374542236328e-01
7.652367949485778809e-01
6.811808347702026367e-01
7.733831405639648438e-01
6.664721369743347168e-01
9.227442741394042969e-01
7.952301502227783203e-01
5.844367742538452148e-01
8.301365375518798828e-01
6.728183031082153320e-01
9.171061515808105469e-01
7.343406081199645996e-01
8.944279551506042480e-01
7.492003440856933594e-01
6.639209985733032227e-01
7.998480796813964844e-01
6.755214333534240723e-01
8.797039985656738281e-01
6.665392518043518066e-01
8.108886480331420898e-01
8.362995386123657227e-01
7.859067916870117188e-01
7.894899845123291016e-01
8.877865076065063477e-01
6.491119265556335449e-01
6.817919015884399414e-01
8.551077246665954590e-01
6.871258020401000977e-01
7.274093627929687500e-01
7.255102396011352539e-01
6.501655578613281250e-01
7.590947151184082031e-01
5.784455537796020508e-01
7.289878726005554199e-01
8.040565252304077148e-01
7.557631134986877441e-01
8.089345097541809082e-01
7.349200844764709473e-01
6.458321213722229004e-01
6.487388014793395996e-01
7.545010447502136230e-01
8.938488364219665527e-01
9.255583286285400391e-01
8.868455886840820312e-01
7.066645622253417969e-01
6.974321603775024414e-01
7.485605478286743164e-01
6.742662191390991211e-01
7.499307394027709961e-01
7.340944409370422363e-01
7.196429967880249023e-01
7.778614759445190430e-01
7.735478878021240234e-01
7.943832278251647949e-01
6.587125658988952637e-01
8.467551469802856445e-01
9.054914712905883789e-01
6.662817001342773438e-01
6.422126293182373047e-01
6.683419346809387207e-01
7.484257817268371582e-01
7.390812039375305176e-01
7.165316939353942871e-01
7.497973442077636719e-01
6.820951104164123535e-01
6.435991525650024414e-01
7.862772941589355469e-01
7.179403305053710938e-01
8.359873294830322266e-01
7.144079208374023438e-01
5.860832333564758301e-01
8.074715137481689453e-01
6.791289448738098145e-01
8.797131180763244629e-01
5.759713649749755859e-01
7.969292402267456055e-01
7.589153051376342773e-01
6.451323032379150391e-01
6.197375655174255371e-01
7.967602014541625977e-01
5.740199089050292969e-01
6.983031034469604492e-01
7.789587378501892090e-01
6.093969941139221191e-01
6.459303498268127441e-01
6.624417901039123535e-01
7.180076837539672852e-01
7.476395368576049805e-01
6.336054801940917969e-01
8.098456859588623047e-01
8.052041530609130859e-01
7.370195388793945312e-01
6.383813023567199707e-01
8.146289587020874023e-01
7.374299764633178711e-01
6.546801924705505371e-01
6.673879623413085938e-01
6.071649193763732910e-01
6.968513727188110352e-01
7.101626396179199219e-01
8.085314035415649414e-01
6.903455257415771484e-01
8.287551403045654297e-01
8.089171648025512695e-01
7.395517826080322266e-01
8.103901147842407227e-01
7.112730741500854492e-01
8.158334493637084961e-01
5.789763331413269043e-01
7.595159411430358887e-01
6.635457873344421387e-01
8.564548492431640625e-01
7.313830256462097168e-01
6.170781850814819336e-01
7.864543199539184570e-01
6.052312850952148438e-01
6.816436648368835449e-01
5.750925540924072266e-01
8.731362223625183105e-01
6.711570024490356445e-01
8.118954300880432129e-01
7.529603242874145508e-01
7.540000081062316895e-01
6.506201028823852539e-01
7.062337398529052734e-01
7.969301342964172363e-01
6.401690244674682617e-01
6.605218648910522461e-01
7.280039787292480469e-01
7.127063274383544922e-01
7.817335724830627441e-01
7.841214537620544434e-01
8.081650733947753906e-01
6.257525086402893066e-01
6.315019130706787109e-01
5.898305177688598633e-01
7.581579685211181641e-01
5.469986200332641602e-01
6.022301912307739258e-01
8.085688352584838867e-01
6.463490128517150879e-01
8.535858392715454102e-01
7.148362398147583008e-01
6.906834840774536133e-01
7.628778219223022461e-01
5.832402706146240234e-01
7.886165380477905273e-01
7.152773141860961914e-01
6.998241543769836426e-01
7.183603048324584961e-01
7.701637744903564453e-01
6.764062643051147461e-01
6.754552721977233887e-01
6.010730266571044922e-01
6.842805147171020508e-01
6.546358466148376465e-01
6.737190485000610352e-01
7.547627687454223633e-01
8.470013141632080078e-01
6.805632710456848145e-01
6.799913644790649414e-01
6.486924886703491211e-01
7.164543867111206055e-01
7.457378506660461426e-01
7.770535349845886230e-01
5.614847540855407715e-01
6.992629170417785645e-01
5.683760046958923340e-01
7.679033875465393066e-01
6.997115612030029297e-01
6.966006755828857422e-01
5.881187319755554199e-01
7.928423285484313965e-01
5.866090059280395508e-01
6.469649076461791992e-01
5.765008330345153809e-01
6.155217885971069336e-01
7.188814878463745117e-01
6.124128103256225586e-01
8.033758997917175293e-01
8.573758006095886230e-01
6.032825708389282227e-01
5.318080782890319824e-01
6.651393175125122070e-01
6.478519439697265625e-01
6.752905845642089844e-01
6.886364221572875977e-01
5.369164943695068359e-01
5.601046681404113770e-01
7.390806674957275391e-01
6.477559804916381836e-01
6.001743078231811523e-01
6.515992879867553711e-01
6.784076690673828125e-01
6.431856751441955566e-01
6.471071839332580566e-01
5.888100266456604004e-01
4.887348115444183350e-01
7.020372152328491211e-01
7.073291540145874023e-01
7.999513745307922363e-01
7.298747897148132324e-01
8.207085132598876953e-01
7.154745459556579590e-01
6.959993839263916016e-01
5.197204351425170898e-01
5.796101689338684082e-01
7.889682054519653320e-01
5.958280563354492188e-01
8.756371736526489258e-01
7.698159217834472656e-01
5.409403443336486816e-01
7.654167413711547852e-01
5.516241192817687988e-01
7.609702348709106445e-01
7.872889041900634766e-01
5.522857904434204102e-01
6.107832193374633789e-01
6.935970783233642578e-01
6.375737190246582031e-01
6.540955305099487305e-01
6.970863342285156250e-01
6.412435770034790039e-01
6.641911268234252930e-01
7.206778526306152344e-01
5.505219697952270508e-01
6.304196119308471680e-01
5.848146080970764160e-01
5.599029064178466797e-01
5.986910462379455566e-01
5.740940570831298828e-01
6.916183829307556152e-01
5.804477334022521973e-01
8.385335803031921387e-01
6.574228405952453613e-01
7.693024873733520508e-01
7.102375030517578125e-01
6.805237531661987305e-01
6.176106929779052734e-01
6.756188869476318359e-01
7.655572891235351562e-01
6.526759266853332520e-01
7.612586617469787598e-01
4.863364696502685547e-01
6.390211582183837891e-01
7.489484548568725586e-01
6.191775798797607422e-01
5.909579396247863770e-01
6.898800134658813477e-01
6.222507953643798828e-01
6.839650273323059082e-01
5.932213068008422852e-01
8.031031489372253418e-01
6.214256286621093750e-01
6.497215628623962402e-01
6.489334702491760254e-01
6.071655154228210449e-01
6.713664531707763672e-01
7.777122259140014648e-01
6.019966602325439453e-01
6.509639024734497070e-01
6.005282402038574219e-01
5.877924561500549316e-01
6.701094508171081543e-01
6.362109780311584473e-01
6.518396735191345215e-01
7.470638751983642578e-01
7.752038836479187012e-01
5.789911746978759766e-01
7.771035432815551758e-01
7.001883387565612793e-01
6.188429594039916992e-01
5.298222303390502930e-01
6.701757907867431641e-01
5.321421623229980469e-01
5.793373584747314453e-01
7.414003610610961914e-01
6.525932550430297852e-01
5.432571768760681152e-01
5.488249063491821289e-01
6.512627601623535156e-01
7.571961879730224609e-01
6.732056140899658203e-01
6.385598182678222656e-01
5.286076068878173828e-01
6.387691497802734375e-01
5.723283886909484863e-01
5.676155090332031250e-01
5.914499759674072266e-01
6.311558485031127930e-01
6.565883159637451172e-01
7.705763578414916992e-01
4.939196705818176270e-01
6.523510217666625977e-01
6.729569435119628906e-01
5.893709659576416016e-01
6.136583089828491211e-01
8.182147741317749023e-01
5.991025567054748535e-01
5.570670962333679199e-01
5.991777777671813965e-01
6.368576288223266602e-01
6.353240013122558594e-01
6.869685649871826172e-01
6.402099132537841797e-01
4.793418347835540771e-01
5.666811466217041016e-01
4.162034690380096436e-01
6.162502765655517578e-01
4.834892153739929199e-01
7.386863231658935547e-01
5.021678209304809570e-01
6.628965139389038086e-01
6.249696016311645508e-01
5.510933399200439453e-01
6.095112562179565430e-01
5.519673824310302734e-01
6.090928316116333008e-01
5.930110812187194824e-01
6.961337327957153320e-01
5.371624231338500977e-01
6.072860956192016602e-01
6.539011001586914062e-01
5.457778573036193848e-01
4.551189839839935303e-01
5.680575370788574219e-01
6.474277377128601074e-01
5.270310044288635254e-01
5.295690298080444336e-01
6.827629804611206055e-01
7.273355126380920410e-01
6.616240143775939941e-01
5.634834766387939453e-01
6.380426883697509766e-01
6.468141674995422363e-01
6.928759813308715820e-01
5.428429841995239258e-01
7.377077341079711914e-01
5.944265127182006836e-01
5.350356101989746094e-01
5.760869979858398438e-01
5.277811288833618164e-01
6.275650262832641602e-01
5.986163616180419922e-01
6.895250082015991211e-01
4.867427945137023926e-01
6.728516817092895508e-01
5.059571266174316406e-01
6.648817062377929688e-01
7.752737998962402344e-01
4.278338849544525146e-01
6.906340122222900391e-01
7.120870351791381836e-01
6.749471426010131836e-01
6.442986130714416504e-01
7.003830075263977051e-01
5.751514434814453125e-01
6.540811061859130859e-01
5.344239473342895508e-01
7.072927951812744141e-01
4.755186736583709717e-01
7.452353835105895996e-01
6.993358135223388672e-01
6.856323480606079102e-01
5.825587511062622070e-01
6.726047992706298828e-01
6.044573783874511719e-01
4.770172834396362305e-01
5.901018381118774414e-01
4.196190536022186279e-01
5.067219734191894531e-01
4.879124462604522705e-01
7.648968696594238281e-01
6.218107938766479492e-01
6.280934810638427734e-01
5.856502056121826172e-01
4.913044273853302002e-01
5.508592128753662109e-01
4.484078586101531982e-01
6.152174472808837891e-01
6.571625471115112305e-01
5.255373716354370117e-01
6.739723086357116699e-01
5.558074116706848145e-01
6.489622592926025391e-01
4.878127276897430420e-01
6.730032563209533691e-01
5.013951063156127930e-01
5.750056505203247070e-01
6.116806268692016602e-01
5.099254250526428223e-01
7.135049104690551758e-01
5.239182114601135254e-01
7.777862548828125000e-01
5.442072153091430664e-01
6.560159921646118164e-01
4.754272103309631348e-01
5.379534363746643066e-01
5.600205659866333008e-01
6.413594484329223633e-01
5.473221540451049805e-01
4.972718358039855957e-01
6.791357994079589844e-01
6.580910682678222656e-01
5.478020906448364258e-01
7.168756127357482910e-01
4.112856090068817139e-01
5.315855145454406738e-01
5.416259169578552246e-01
6.646713018417358398e-01
5.375140309333801270e-01
7.641113996505737305e-01
6.027879714965820312e-01
6.174582242965698242e-01
6.462742686271667480e-01
4.850305318832397461e-01
4.624536633491516113e-01
6.413031220436096191e-01
5.976476669311523438e-01
4.875209331512451172e-01
5.208717584609985352e-01
6.257444620132446289e-01
6.829268336296081543e-01
6.263147592544555664e-01
5.408432483673095703e-01
7.507472634315490723e-01
6.705708503723144531e-01
5.872634649276733398e-01
5.470717549324035645e-01
5.879698395729064941e-01
4.224075973033905029e-01
5.867422819137573242e-01
5.277418494224548340e-01
5.440483689308166504e-01
6.922101974487304688e-01
6.620494127273559570e-01
6.539875864982604980e-01
5.696834325790405273e-01
5.310317277908325195e-01
6.136732697486877441e-01
4.153978824615478516e-01
4.684825837612152100e-01
5.199517011642456055e-01
6.060328483581542969e-01
6.108126640319824219e-01
5.446134805679321289e-01
5.742969512939453125e-01
4.614576101303100586e-01
4.973563551902770996e-01
4.604879021644592285e-01
6.346031427383422852e-01
