1.974609374999999889e-01
3.033203125000000222e-01
3.308593750000000111e-01
3.771484374999999889e-01
4.316406250000000000e-01
4.656250000000000111e-01
4.779296874999999778e-01
4.996093750000000222e-01
5.271484374999999556e-01
5.345703124999999778e-01
5.681640624999999556e-01
5.582031250000000222e-01
5.771484375000000000e-01
5.947265625000000000e-01
6.113281250000000000e-01
6.361328124999999778e-01
6.242187500000000444e-01
6.373046875000000222e-01
6.585937499999999778e-01
6.728515625000000000e-01
6.626953125000000222e-01
6.710937500000000444e-01
6.828125000000000444e-01
6.898437499999999778e-01
7.117187499999999556e-01
7.117187499999999556e-01
6.984375000000000444e-01
7.189453125000000444e-01
7.263671874999999556e-01
7.330078125000000222e-01
7.285156250000000000e-01
7.279296874999999778e-01
7.343750000000000000e-01
7.396484374999999778e-01
7.630859374999999778e-01
7.474609374999999778e-01
7.449218749999999556e-01
7.585937499999999556e-01
7.802734375000000000e-01
7.751953124999999556e-01
7.626953125000000000e-01
7.710937500000000222e-01
7.708984374999999778e-01
7.775390625000000444e-01
7.990234375000000444e-01
7.751953124999999556e-01
7.818359375000000222e-01
7.990234375000000444e-01
8.003906250000000222e-01
7.966796874999999556e-01
7.943359374999999778e-01
7.933593749999999778e-01
8.074218749999999556e-01
7.968750000000000000e-01
8.117187500000000444e-01
8.068359375000000444e-01
8.136718750000000444e-01
8.099609374999999778e-01
8.183593750000000000e-01
8.197265624999999778e-01
8.167968749999999778e-01
8.177734374999999778e-01
8.171874999999999556e-01
8.244140625000000444e-01
8.281250000000000000e-01
8.208984375000000222e-01
8.298828124999999556e-01
8.314453124999999778e-01
8.441406249999999778e-01
8.308593749999999556e-01
8.259765624999999556e-01
8.302734375000000444e-01
8.287109375000000222e-01
8.443359375000000222e-01
8.283203125000000444e-01
8.322265625000000444e-01
8.433593750000000222e-01
8.490234374999999778e-01
8.478515625000000444e-01
8.460937499999999778e-01
8.373046874999999778e-01
8.458984375000000444e-01
8.296875000000000222e-01
8.546875000000000444e-01
8.363281249999999778e-01
8.509765624999999778e-01
8.519531249999999778e-01
8.617187499999999778e-01
8.515625000000000000e-01
8.533203124999999556e-01
8.503906249999999556e-01
8.548828124999999778e-01
8.486328125000000000e-01
8.613281250000000000e-01
8.535156250000000000e-01
8.576171875000000444e-01
8.519531249999999778e-01
8.685546874999999778e-01
8.636718749999999778e-01
8.683593750000000444e-01
8.556640625000000444e-01
8.591796874999999556e-01
8.632812500000000000e-01
8.685546874999999778e-01
8.585937500000000444e-01
8.730468750000000000e-01
8.701171875000000000e-01
8.775390625000000222e-01
8.701171875000000000e-01
8.703125000000000444e-01
8.677734375000000222e-01
8.599609375000000222e-01
8.730468750000000000e-01
8.583984375000000000e-01
8.697265625000000222e-01
8.750000000000000000e-01
8.785156250000000222e-01
8.773437499999999778e-01
8.787109374999999556e-01
8.789062500000000000e-01
8.726562500000000222e-01
8.640624999999999556e-01
8.843750000000000222e-01
8.691406250000000000e-01
8.769531250000000000e-01
8.857421875000000000e-01
8.828125000000000000e-01
8.894531249999999556e-01
8.857421875000000000e-01
8.783203124999999778e-01
8.880859374999999778e-01
8.693359375000000444e-01
8.886718750000000000e-01
8.769531250000000000e-01
8.779296875000000000e-01
8.919921874999999778e-01
8.919921874999999778e-01
8.853515625000000222e-01
8.841796874999999778e-01
8.859375000000000444e-01
8.847656250000000000e-01
8.851562499999999778e-01
8.871093749999999778e-01
8.865234374999999556e-01
8.914062499999999556e-01
8.943359374999999556e-01
8.978515624999999778e-01
8.951171875000000222e-01
8.933593749999999556e-01
8.886718750000000000e-01
8.814453125000000222e-01
8.966796875000000444e-01
8.878906250000000444e-01
8.890624999999999778e-01
8.941406250000000222e-01
9.009765625000000222e-01
9.048828125000000222e-01
8.992187499999999556e-01
9.031249999999999556e-01
8.888671875000000444e-01
8.904296874999999556e-01
8.957031250000000444e-01
8.953124999999999556e-01
9.011718749999999556e-01
9.017578124999999778e-01
8.982421874999999556e-01
9.082031250000000000e-01
9.046874999999999778e-01
9.035156250000000444e-01
8.990234375000000222e-01
8.945312500000000000e-01
9.103515625000000444e-01
9.048828125000000222e-01
9.019531250000000222e-01
9.000000000000000222e-01
9.019531250000000222e-01
9.101562500000000000e-01
9.064453125000000444e-01
9.013671875000000000e-01
9.050781249999999556e-01
9.005859375000000444e-01
9.064453125000000444e-01
8.990234375000000222e-01
9.083984375000000444e-01
9.082031250000000000e-01
9.083984375000000444e-01
9.164062499999999778e-01
9.056640624999999778e-01
9.042968750000000000e-01
9.029296875000000222e-01
9.001953124999999556e-01
9.142578125000000444e-01
9.093750000000000444e-01
9.109374999999999556e-01
9.087890625000000222e-01
9.142578125000000444e-01
9.107421875000000222e-01
9.093750000000000444e-01
9.093750000000000444e-01
9.072265625000000000e-01
9.115234374999999778e-01
9.062500000000000000e-01
9.111328125000000000e-01
9.066406249999999778e-01
9.138671874999999556e-01
9.142578125000000444e-01
9.177734374999999556e-01
9.216796874999999556e-01
9.101562500000000000e-01
9.095703124999999778e-01
9.210937500000000444e-01
9.048828125000000222e-01
9.187499999999999556e-01
9.212890624999999778e-01
9.132812500000000444e-01
9.123046875000000444e-01
9.175781250000000222e-01
9.193359374999999778e-01
9.173828124999999778e-01
9.136718750000000222e-01
9.128906249999999556e-01
9.123046875000000444e-01
9.195312500000000222e-01
9.199218750000000000e-01
9.242187499999999778e-01
9.255859374999999556e-01
9.128906249999999556e-01
9.226562499999999556e-01
9.119140624999999556e-01
9.187499999999999556e-01
9.273437500000000222e-01
9.164062499999999778e-01
9.121093750000000000e-01
9.160156250000000000e-01
9.212890624999999778e-01
9.279296875000000444e-01
9.228515625000000000e-01
9.205078125000000222e-01
9.259765625000000444e-01
9.201171875000000444e-01
9.158203124999999556e-01
9.210937500000000444e-01
9.230468750000000444e-01
9.240234375000000444e-01
9.279296875000000444e-01
9.230468750000000444e-01
9.207031249999999556e-01
9.244140625000000222e-01
9.214843750000000222e-01
9.244140625000000222e-01
9.181640625000000444e-01
9.246093749999999556e-01
9.257812500000000000e-01
9.216796874999999556e-01
9.291015624999999778e-01
9.222656249999999778e-01
9.318359375000000444e-01
9.308593750000000444e-01
9.242187499999999778e-01
9.318359375000000444e-01
9.253906250000000222e-01
9.289062500000000444e-01
9.195312500000000222e-01
9.234375000000000222e-01
9.283203125000000222e-01
9.236328124999999556e-01
9.236328124999999556e-01
9.187499999999999556e-01
9.259765625000000444e-01
9.314453124999999556e-01
9.259765625000000444e-01
9.330078124999999778e-01
9.324218749999999556e-01
9.335937500000000000e-01
9.371093750000000222e-01
9.304687499999999556e-01
9.265624999999999556e-01
9.281249999999999778e-01
9.283203125000000222e-01
9.320312499999999778e-01
9.337890625000000444e-01
9.318359375000000444e-01
9.335937500000000000e-01
9.269531250000000444e-01
9.302734375000000222e-01
9.341796875000000222e-01
9.314453124999999556e-01
9.259765625000000444e-01
9.378906249999999778e-01
9.267578125000000000e-01
9.341796875000000222e-01
9.341796875000000222e-01
9.343749999999999556e-01
9.359374999999999778e-01
9.324218749999999556e-01
9.396484375000000444e-01
9.285156249999999556e-01
9.296875000000000000e-01
9.373046874999999556e-01
9.292968750000000222e-01
9.300781249999999778e-01
9.378906249999999778e-01
9.386718750000000444e-01
9.386718750000000444e-01
9.398437499999999778e-01
9.355468750000000000e-01
9.343749999999999556e-01
9.402343749999999556e-01
9.378906249999999778e-01
9.361328125000000222e-01
9.394531250000000000e-01
9.345703125000000000e-01
9.324218749999999556e-01
9.416015625000000444e-01
9.402343749999999556e-01
9.386718750000000444e-01
9.384765625000000000e-01
9.400390625000000222e-01
9.363281249999999556e-01
9.337890625000000444e-01
9.275390624999999556e-01
9.361328125000000222e-01
9.414062500000000000e-01
9.330078124999999778e-01
9.351562500000000222e-01
9.427734374999999778e-01
9.259765625000000444e-01
9.316406250000000000e-01
9.302734375000000222e-01
9.380859375000000222e-01
9.408203124999999778e-01
9.451171874999999556e-01
9.484375000000000444e-01
9.455078125000000444e-01
9.445312500000000444e-01
9.394531250000000000e-01
9.384765625000000000e-01
9.462890625000000000e-01
9.400390625000000222e-01
9.423828125000000000e-01
9.328125000000000444e-01
9.371093750000000222e-01
9.443359375000000000e-01
9.449218750000000222e-01
9.310546874999999778e-01
9.369140624999999778e-01
9.476562499999999778e-01
9.394531250000000000e-01
9.373046874999999556e-01
9.361328125000000222e-01
9.431640624999999556e-01
9.412109374999999556e-01
9.439453125000000222e-01
9.458984375000000222e-01
9.396484375000000444e-01
9.402343749999999556e-01
9.410156250000000222e-01
9.406250000000000444e-01
9.355468750000000000e-01
9.416015625000000444e-01
9.380859375000000222e-01
9.431640624999999556e-01
9.390625000000000222e-01
9.488281250000000222e-01
9.404296875000000000e-01
9.398437499999999778e-01
9.419921875000000222e-01
9.458984375000000222e-01
9.421874999999999556e-01
9.384765625000000000e-01
9.324218749999999556e-01
9.484375000000000444e-01
9.507812500000000222e-01
9.466796874999999778e-01
9.423828125000000000e-01
9.482421875000000000e-01
9.472656250000000000e-01
9.388671874999999778e-01
9.396484375000000444e-01
9.332031250000000222e-01
9.390625000000000222e-01
9.429687500000000222e-01
9.451171874999999556e-01
9.427734374999999778e-01
9.408203124999999778e-01
9.468750000000000222e-01
9.416015625000000444e-01
9.421874999999999556e-01
9.441406249999999556e-01
9.507812500000000222e-01
9.478515625000000222e-01
9.427734374999999778e-01
9.437499999999999778e-01
9.445312500000000444e-01
9.498046875000000222e-01
9.478515625000000222e-01
9.468750000000000222e-01
9.498046875000000222e-01
9.525390624999999778e-01
9.484375000000000444e-01
9.498046875000000222e-01
9.476562499999999778e-01
9.503906250000000444e-01
9.453125000000000000e-01
9.503906250000000444e-01
9.492187500000000000e-01
9.437499999999999778e-01
9.429687500000000222e-01
9.457031249999999778e-01
9.484375000000000444e-01
9.470703124999999556e-01
9.496093749999999778e-01
9.449218750000000222e-01
9.509765624999999556e-01
9.535156249999999778e-01
9.496093749999999778e-01
9.441406249999999556e-01
9.490234374999999556e-01
9.529296874999999556e-01
9.560546875000000000e-01
9.542968750000000444e-01
9.527343750000000222e-01
9.464843750000000444e-01
9.484375000000000444e-01
9.435546875000000444e-01
9.474609375000000444e-01
9.484375000000000444e-01
9.517578125000000222e-01
9.494140625000000444e-01
9.550781250000000000e-01
9.552734375000000444e-01
9.541015625000000000e-01
9.470703124999999556e-01
9.548828124999999556e-01
9.457031249999999778e-01
9.447265624999999778e-01
9.445312500000000444e-01
9.462890625000000000e-01
9.400390625000000222e-01
9.535156249999999778e-01
9.490234374999999556e-01
9.457031249999999778e-01
9.560546875000000000e-01
9.523437500000000444e-01
9.605468750000000222e-01
9.574218749999999778e-01
9.478515625000000222e-01
9.582031250000000444e-01
9.552734375000000444e-01
9.548828124999999556e-01
9.544921874999999778e-01
9.517578125000000222e-01
9.533203125000000444e-01
9.513671875000000444e-01
9.533203125000000444e-01
9.447265624999999778e-01
9.509765624999999556e-01
9.480468749999999556e-01
9.566406250000000222e-01
9.597656249999999556e-01
9.472656250000000000e-01
9.523437500000000444e-01
9.556640625000000222e-01
9.505859374999999778e-01
9.523437500000000444e-01
9.472656250000000000e-01
9.525390624999999778e-01
9.550781250000000000e-01
9.564453124999999778e-01
9.556640625000000222e-01
9.576171875000000222e-01
9.519531249999999556e-01
9.541015625000000000e-01
9.533203125000000444e-01
9.517578125000000222e-01
9.458984375000000222e-01
9.490234374999999556e-01
9.519531249999999556e-01
9.533203125000000444e-01
9.607421874999999556e-01
9.597656249999999556e-01
9.519531249999999556e-01
9.546875000000000222e-01
9.531250000000000000e-01
9.447265624999999778e-01
9.480468749999999556e-01
9.537109375000000222e-01
9.517578125000000222e-01
9.527343750000000222e-01
9.597656249999999556e-01
9.583984374999999778e-01
9.568359374999999556e-01
9.562500000000000444e-01
9.576171875000000222e-01
9.498046875000000222e-01
9.580078125000000000e-01
9.482421875000000000e-01
9.552734375000000444e-01
9.576171875000000222e-01
9.576171875000000222e-01
9.521484375000000000e-01
9.505859374999999778e-01
9.582031250000000444e-01
9.515624999999999778e-01
9.499999999999999556e-01
9.509765624999999556e-01
9.572265625000000444e-01
9.572265625000000444e-01
9.589843750000000000e-01
9.619140625000000000e-01
9.556640625000000222e-01
9.580078125000000000e-01
9.615234375000000222e-01
9.607421874999999556e-01
9.552734375000000444e-01
9.525390624999999778e-01
9.513671875000000444e-01
9.582031250000000444e-01
9.587890624999999556e-01
9.580078125000000000e-01
9.585937500000000222e-01
9.542968750000000444e-01
9.619140625000000000e-01
9.658203125000000000e-01
9.617187499999999556e-01
9.589843750000000000e-01
9.589843750000000000e-01
9.646484374999999556e-01
9.628906250000000000e-01
9.593749999999999778e-01
9.556640625000000222e-01
9.583984374999999778e-01
9.541015625000000000e-01
9.501953125000000000e-01
9.605468750000000222e-01
9.599609375000000000e-01
9.609375000000000000e-01
9.529296874999999556e-01
9.519531249999999556e-01
9.519531249999999556e-01
9.580078125000000000e-01
9.513671875000000444e-01
9.566406250000000222e-01
9.531250000000000000e-01
9.589843750000000000e-01
9.607421874999999556e-01
9.591796875000000444e-01
9.609375000000000000e-01
9.632812499999999778e-01
9.605468750000000222e-01
9.589843750000000000e-01
9.576171875000000222e-01
9.578124999999999556e-01
9.589843750000000000e-01
9.554687499999999778e-01
9.572265625000000444e-01
9.527343750000000222e-01
9.595703125000000222e-01
9.537109375000000222e-01
9.576171875000000222e-01
9.599609375000000000e-01
9.576171875000000222e-01
9.554687499999999778e-01
9.580078125000000000e-01
9.560546875000000000e-01
9.541015625000000000e-01
9.587890624999999556e-01
9.607421874999999556e-01
9.652343749999999778e-01
9.640625000000000444e-01
9.630859375000000444e-01
9.628906250000000000e-01
9.566406250000000222e-01
9.615234375000000222e-01
9.578124999999999556e-01
9.556640625000000222e-01
9.562500000000000444e-01
9.572265625000000444e-01
9.583984374999999778e-01
9.568359374999999556e-01
9.597656249999999556e-01
9.601562500000000444e-01
9.580078125000000000e-01
9.593749999999999778e-01
9.654296875000000222e-01
9.597656249999999556e-01
9.625000000000000222e-01
9.617187499999999556e-01
9.580078125000000000e-01
9.593749999999999778e-01
9.611328125000000444e-01
9.615234375000000222e-01
9.515624999999999778e-01
9.535156249999999778e-01
9.580078125000000000e-01
9.574218749999999778e-01
9.564453124999999778e-01
9.597656249999999556e-01
9.660156250000000444e-01
9.625000000000000222e-01
9.609375000000000000e-01
9.601562500000000444e-01
9.542968750000000444e-01
9.593749999999999778e-01
9.576171875000000222e-01
9.621093750000000444e-01
9.607421874999999556e-01
9.572265625000000444e-01
9.654296875000000222e-01
9.621093750000000444e-01
9.638671875000000000e-01
9.630859375000000444e-01
9.642578124999999778e-01
9.623046874999999778e-01
9.591796875000000444e-01
9.609375000000000000e-01
9.636718749999999556e-01
9.617187499999999556e-01
9.626953124999999556e-01
9.626953124999999556e-01
9.615234375000000222e-01
9.499999999999999556e-01
9.621093750000000444e-01
9.611328125000000444e-01
9.644531250000000222e-01
9.611328125000000444e-01
9.644531250000000222e-01
9.613281249999999778e-01
9.632812499999999778e-01
9.568359374999999556e-01
9.601562500000000444e-01
9.552734375000000444e-01
9.625000000000000222e-01
9.662109374999999778e-01
9.652343749999999778e-01
9.587890624999999556e-01
9.601562500000000444e-01
9.648437500000000000e-01
9.662109374999999778e-01
9.640625000000000444e-01
9.632812499999999778e-01
9.570312500000000000e-01
9.591796875000000444e-01
9.593749999999999778e-01
9.615234375000000222e-01
9.605468750000000222e-01
9.595703125000000222e-01
9.642578124999999778e-01
9.662109374999999778e-01
9.617187499999999556e-01
9.617187499999999556e-01
9.603515624999999778e-01
9.599609375000000000e-01
9.607421874999999556e-01
9.570312500000000000e-01
9.583984374999999778e-01
9.617187499999999556e-01
9.623046874999999778e-01
9.527343750000000222e-01
9.632812499999999778e-01
9.611328125000000444e-01
9.603515624999999778e-01
9.628906250000000000e-01
9.546875000000000222e-01
9.619140625000000000e-01
9.601562500000000444e-01
9.611328125000000444e-01
9.585937500000000222e-01
9.628906250000000000e-01
9.656249999999999556e-01
9.560546875000000000e-01
9.619140625000000000e-01
9.601562500000000444e-01
9.644531250000000222e-01
9.619140625000000000e-01
9.617187499999999556e-01
9.638671875000000000e-01
9.595703125000000222e-01
9.664062500000000222e-01
9.679687500000000444e-01
9.621093750000000444e-01
9.644531250000000222e-01
9.658203125000000000e-01
9.701171874999999778e-01
9.644531250000000222e-01
9.640625000000000444e-01
9.654296875000000222e-01
9.605468750000000222e-01
9.613281249999999778e-01
9.636718749999999556e-01
9.621093750000000444e-01
9.699218750000000444e-01
9.669921875000000444e-01
9.671874999999999778e-01
9.673828125000000222e-01
9.648437500000000000e-01
9.654296875000000222e-01
9.638671875000000000e-01
9.589843750000000000e-01
9.646484374999999556e-01
9.613281249999999778e-01
9.599609375000000000e-01
9.615234375000000222e-01
9.675781249999999556e-01
9.634765625000000222e-01
9.660156250000000444e-01
9.660156250000000444e-01
9.671874999999999778e-01
9.669921875000000444e-01
9.669921875000000444e-01
9.636718749999999556e-01
9.603515624999999778e-01
9.644531250000000222e-01
9.654296875000000222e-01
9.652343749999999778e-01
9.648437500000000000e-01
9.634765625000000222e-01
9.667968750000000000e-01
9.664062500000000222e-01
9.546875000000000222e-01
9.580078125000000000e-01
9.591796875000000444e-01
9.656249999999999556e-01
9.664062500000000222e-01
9.642578124999999778e-01
9.701171874999999778e-01
9.683593750000000222e-01
9.662109374999999778e-01
9.666015624999999556e-01
9.640625000000000444e-01
9.673828125000000222e-01
9.625000000000000222e-01
9.613281249999999778e-01
9.642578124999999778e-01
9.691406249999999778e-01
9.644531250000000222e-01
9.644531250000000222e-01
9.658203125000000000e-01
9.669921875000000444e-01
9.632812499999999778e-01
9.675781249999999556e-01
9.638671875000000000e-01
9.625000000000000222e-01
9.623046874999999778e-01
9.671874999999999778e-01
9.671874999999999778e-01
9.615234375000000222e-01
9.572265625000000444e-01
9.613281249999999778e-01
9.558593749999999556e-01
9.613281249999999778e-01
9.664062500000000222e-01
9.667968750000000000e-01
9.685546874999999556e-01
9.654296875000000222e-01
9.683593750000000222e-01
9.667968750000000000e-01
9.646484374999999556e-01
9.630859375000000444e-01
9.658203125000000000e-01
9.650390625000000444e-01
9.677734375000000000e-01
9.636718749999999556e-01
9.648437500000000000e-01
9.611328125000000444e-01
9.642578124999999778e-01
9.632812499999999778e-01
9.679687500000000444e-01
9.666015624999999556e-01
9.697265625000000000e-01
9.636718749999999556e-01
9.642578124999999778e-01
9.679687500000000444e-01
9.638671875000000000e-01
9.652343749999999778e-01
9.695312499999999556e-01
9.613281249999999778e-01
9.654296875000000222e-01
9.671874999999999778e-01
9.677734375000000000e-01
9.683593750000000222e-01
9.626953124999999556e-01
9.656249999999999556e-01
9.669921875000000444e-01
9.619140625000000000e-01
9.664062500000000222e-01
9.667968750000000000e-01
9.607421874999999556e-01
9.615234375000000222e-01
9.589843750000000000e-01
9.619140625000000000e-01
9.646484374999999556e-01
9.656249999999999556e-01
9.689453125000000444e-01
9.685546874999999556e-01
9.662109374999999778e-01
9.708984375000000444e-01
9.642578124999999778e-01
9.652343749999999778e-01
9.675781249999999556e-01
9.673828125000000222e-01
9.673828125000000222e-01
9.683593750000000222e-01
9.660156250000000444e-01
9.695312499999999556e-01
9.679687500000000444e-01
9.666015624999999556e-01
9.667968750000000000e-01
9.666015624999999556e-01
9.613281249999999778e-01
9.638671875000000000e-01
9.669921875000000444e-01
9.621093750000000444e-01
9.660156250000000444e-01
9.664062500000000222e-01
9.640625000000000444e-01
9.656249999999999556e-01
9.623046874999999778e-01
9.603515624999999778e-01
9.656249999999999556e-01
9.632812499999999778e-01
9.654296875000000222e-01
9.652343749999999778e-01
9.650390625000000444e-01
9.660156250000000444e-01
9.667968750000000000e-01
9.654296875000000222e-01
9.671874999999999778e-01
9.673828125000000222e-01
9.632812499999999778e-01
9.623046874999999778e-01
9.652343749999999778e-01
9.619140625000000000e-01
9.695312499999999556e-01
9.658203125000000000e-01
9.595703125000000222e-01
9.623046874999999778e-01
9.671874999999999778e-01
9.660156250000000444e-01
9.607421874999999556e-01
9.646484374999999556e-01
9.675781249999999556e-01
9.666015624999999556e-01
9.660156250000000444e-01
9.660156250000000444e-01
9.673828125000000222e-01
9.650390625000000444e-01
9.664062500000000222e-01
9.632812499999999778e-01
9.666015624999999556e-01
9.662109374999999778e-01
9.603515624999999778e-01
9.695312499999999556e-01
9.703125000000000222e-01
9.687500000000000000e-01
9.673828125000000222e-01
9.681640624999999778e-01
9.679687500000000444e-01
9.693359375000000222e-01
9.625000000000000222e-01
9.685546874999999556e-01
9.726562500000000000e-01
9.751953125000000222e-01
9.691406249999999778e-01
9.650390625000000444e-01
9.646484374999999556e-01
9.587890624999999556e-01
9.634765625000000222e-01
9.613281249999999778e-01
9.628906250000000000e-01
9.636718749999999556e-01
9.587890624999999556e-01
9.648437500000000000e-01
9.660156250000000444e-01
9.683593750000000222e-01
9.609375000000000000e-01
9.615234375000000222e-01
9.650390625000000444e-01
9.693359375000000222e-01
9.687500000000000000e-01
9.679687500000000444e-01
9.685546874999999556e-01
9.673828125000000222e-01
9.630859375000000444e-01
9.701171874999999778e-01
9.667968750000000000e-01
9.664062500000000222e-01
9.740234374999999778e-01
9.714843749999999556e-01
9.716796875000000000e-01
9.699218750000000444e-01
9.707031250000000000e-01
9.714843749999999556e-01
9.683593750000000222e-01
9.652343749999999778e-01
9.621093750000000444e-01
9.623046874999999778e-01
9.669921875000000444e-01
9.650390625000000444e-01
9.654296875000000222e-01
9.640625000000000444e-01
9.644531250000000222e-01
9.666015624999999556e-01
9.673828125000000222e-01
9.662109374999999778e-01
9.681640624999999778e-01
9.669921875000000444e-01
9.673828125000000222e-01
9.646484374999999556e-01
9.642578124999999778e-01
9.585937500000000222e-01
9.628906250000000000e-01
9.568359374999999556e-01
9.675781249999999556e-01
9.667968750000000000e-01
9.634765625000000222e-01
9.693359375000000222e-01
9.679687500000000444e-01
9.695312499999999556e-01
9.658203125000000000e-01
9.671874999999999778e-01
9.703125000000000222e-01
9.728515625000000444e-01
9.736328125000000000e-01
9.738281250000000444e-01
9.708984375000000444e-01
9.685546874999999556e-01
9.705078124999999556e-01
9.757812500000000444e-01
9.679687500000000444e-01
9.644531250000000222e-01
9.693359375000000222e-01
9.658203125000000000e-01
9.662109374999999778e-01
9.669921875000000444e-01
9.677734375000000000e-01
9.681640624999999778e-01
9.660156250000000444e-01
9.691406249999999778e-01
9.664062500000000222e-01
9.726562500000000000e-01
9.712890625000000222e-01
9.669921875000000444e-01
9.699218750000000444e-01
9.699218750000000444e-01
9.738281250000000444e-01
9.722656250000000222e-01
9.705078124999999556e-01
9.699218750000000444e-01
9.697265625000000000e-01
9.691406249999999778e-01
9.675781249999999556e-01
9.646484374999999556e-01
9.660156250000000444e-01
9.681640624999999778e-01
9.685546874999999556e-01
9.650390625000000444e-01
9.705078124999999556e-01
9.658203125000000000e-01
9.675781249999999556e-01
9.664062500000000222e-01
9.625000000000000222e-01
9.687500000000000000e-01
9.679687500000000444e-01
9.693359375000000222e-01
9.687500000000000000e-01
9.591796875000000444e-01
9.630859375000000444e-01
9.652343749999999778e-01
9.681640624999999778e-01
9.677734375000000000e-01
9.677734375000000000e-01
9.699218750000000444e-01
9.630859375000000444e-01
9.667968750000000000e-01
9.632812499999999778e-01
9.738281250000000444e-01
9.671874999999999778e-01
9.650390625000000444e-01
9.652343749999999778e-01
9.646484374999999556e-01
9.607421874999999556e-01
9.677734375000000000e-01
9.650390625000000444e-01
9.714843749999999556e-01
9.673828125000000222e-01
9.718750000000000444e-01
9.722656250000000222e-01
9.775390625000000000e-01
9.730468749999999778e-01
9.703125000000000222e-01
9.701171874999999778e-01
9.683593750000000222e-01
9.671874999999999778e-01
9.615234375000000222e-01
9.638671875000000000e-01
9.654296875000000222e-01
9.667968750000000000e-01
9.699218750000000444e-01
9.644531250000000222e-01
9.679687500000000444e-01
9.695312499999999556e-01
9.625000000000000222e-01
9.658203125000000000e-01
9.656249999999999556e-01
9.699218750000000444e-01
9.714843749999999556e-01
9.718750000000000444e-01
9.708984375000000444e-01
9.732421875000000222e-01
9.705078124999999556e-01
9.736328125000000000e-01
9.718750000000000444e-01
9.664062500000000222e-01
9.707031250000000000e-01
9.714843749999999556e-01
9.652343749999999778e-01
9.705078124999999556e-01
9.644531250000000222e-01
9.675781249999999556e-01
9.640625000000000444e-01
9.679687500000000444e-01
9.673828125000000222e-01
9.673828125000000222e-01
9.666015624999999556e-01
9.681640624999999778e-01
9.679687500000000444e-01
9.662109374999999778e-01
9.718750000000000444e-01
9.685546874999999556e-01
9.667968750000000000e-01
9.578124999999999556e-01
9.664062500000000222e-01
9.703125000000000222e-01
9.738281250000000444e-01
9.728515625000000444e-01
9.749999999999999778e-01
9.710937499999999778e-01
9.664062500000000222e-01
9.646484374999999556e-01
9.664062500000000222e-01
9.623046874999999778e-01
9.679687500000000444e-01
9.654296875000000222e-01
9.697265625000000000e-01
9.720703124999999778e-01
9.648437500000000000e-01
9.595703125000000222e-01
9.666015624999999556e-01
9.679687500000000444e-01
9.687500000000000000e-01
9.638671875000000000e-01
9.708984375000000444e-01
9.714843749999999556e-01
9.722656250000000222e-01
9.699218750000000444e-01
9.699218750000000444e-01
9.695312499999999556e-01
9.730468749999999778e-01
9.703125000000000222e-01
9.716796875000000000e-01
9.722656250000000222e-01
9.673828125000000222e-01
9.701171874999999778e-01
9.681640624999999778e-01
9.734374999999999556e-01
9.693359375000000222e-01
9.683593750000000222e-01
9.720703124999999778e-01
9.689453125000000444e-01
9.705078124999999556e-01
9.712890625000000222e-01
9.730468749999999778e-01
9.732421875000000222e-01
9.695312499999999556e-01
9.705078124999999556e-01
9.666015624999999556e-01
9.701171874999999778e-01
9.701171874999999778e-01
9.666015624999999556e-01
9.675781249999999556e-01
9.638671875000000000e-01
9.683593750000000222e-01
9.619140625000000000e-01
9.689453125000000444e-01
9.650390625000000444e-01
9.699218750000000444e-01
9.714843749999999556e-01
9.650390625000000444e-01
9.703125000000000222e-01
9.695312499999999556e-01
9.748046875000000444e-01
9.744140624999999556e-01
9.722656250000000222e-01
9.748046875000000444e-01
9.718750000000000444e-01
9.701171874999999778e-01
9.714843749999999556e-01
9.707031250000000000e-01
9.728515625000000444e-01
9.697265625000000000e-01
9.728515625000000444e-01
9.697265625000000000e-01
9.714843749999999556e-01
9.683593750000000222e-01
9.677734375000000000e-01
9.679687500000000444e-01
9.625000000000000222e-01
9.599609375000000000e-01
9.644531250000000222e-01
9.628906250000000000e-01
9.699218750000000444e-01
9.718750000000000444e-01
9.699218750000000444e-01
9.724609374999999556e-01
9.705078124999999556e-01
9.687500000000000000e-01
9.695312499999999556e-01
9.703125000000000222e-01
9.707031250000000000e-01
9.691406249999999778e-01
9.689453125000000444e-01
9.687500000000000000e-01
9.683593750000000222e-01
9.652343749999999778e-01
9.666015624999999556e-01
9.677734375000000000e-01
9.658203125000000000e-01
9.716796875000000000e-01
9.687500000000000000e-01
9.738281250000000444e-01
9.679687500000000444e-01
9.705078124999999556e-01
9.703125000000000222e-01
9.707031250000000000e-01
9.699218750000000444e-01
9.703125000000000222e-01
9.699218750000000444e-01
9.738281250000000444e-01
9.683593750000000222e-01
9.732421875000000222e-01
9.685546874999999556e-01
9.695312499999999556e-01
9.697265625000000000e-01
9.710937499999999778e-01
9.697265625000000000e-01
9.714843749999999556e-01
9.703125000000000222e-01
9.746093750000000000e-01
9.710937499999999778e-01
9.689453125000000444e-01
9.695312499999999556e-01
9.654296875000000222e-01
9.658203125000000000e-01
9.675781249999999556e-01
9.691406249999999778e-01
9.708984375000000444e-01
9.693359375000000222e-01
9.671874999999999778e-01
9.701171874999999778e-01
9.689453125000000444e-01
9.660156250000000444e-01
9.654296875000000222e-01
9.662109374999999778e-01
9.652343749999999778e-01
9.703125000000000222e-01
9.708984375000000444e-01
9.671874999999999778e-01
9.664062500000000222e-01
9.732421875000000222e-01
9.654296875000000222e-01
9.660156250000000444e-01
9.687500000000000000e-01
9.685546874999999556e-01
9.685546874999999556e-01
9.720703124999999778e-01
9.697265625000000000e-01
9.748046875000000444e-01
9.689453125000000444e-01
9.744140624999999556e-01
9.748046875000000444e-01
9.732421875000000222e-01
9.724609374999999556e-01
9.722656250000000222e-01
9.712890625000000222e-01
9.714843749999999556e-01
9.701171874999999778e-01
9.685546874999999556e-01
9.697265625000000000e-01
9.705078124999999556e-01
9.773437499999999556e-01
9.765625000000000000e-01
9.720703124999999778e-01
9.687500000000000000e-01
9.666015624999999556e-01
9.712890625000000222e-01
9.677734375000000000e-01
9.671874999999999778e-01
9.642578124999999778e-01
9.687500000000000000e-01
9.701171874999999778e-01
9.730468749999999778e-01
9.708984375000000444e-01
9.689453125000000444e-01
9.722656250000000222e-01
9.732421875000000222e-01
9.703125000000000222e-01
9.710937499999999778e-01
9.667968750000000000e-01
9.660156250000000444e-01
9.660156250000000444e-01
9.656249999999999556e-01
9.650390625000000444e-01
9.591796875000000444e-01
9.685546874999999556e-01
9.630859375000000444e-01
9.673828125000000222e-01
9.667968750000000000e-01
9.738281250000000444e-01
9.708984375000000444e-01
9.703125000000000222e-01
9.726562500000000000e-01
9.689453125000000444e-01
9.707031250000000000e-01
9.724609374999999556e-01
9.722656250000000222e-01
9.738281250000000444e-01
9.722656250000000222e-01
9.734374999999999556e-01
9.730468749999999778e-01
9.757812500000000444e-01
9.767578125000000444e-01
9.660156250000000444e-01
9.708984375000000444e-01
9.753906249999999556e-01
9.707031250000000000e-01
9.693359375000000222e-01
9.695312499999999556e-01
9.730468749999999778e-01
9.732421875000000222e-01
9.765625000000000000e-01
9.714843749999999556e-01
9.671874999999999778e-01
9.748046875000000444e-01
9.710937499999999778e-01
9.685546874999999556e-01
9.656249999999999556e-01
9.644531250000000222e-01
9.644531250000000222e-01
9.630859375000000444e-01
9.683593750000000222e-01
9.687500000000000000e-01
9.699218750000000444e-01
9.705078124999999556e-01
9.701171874999999778e-01
9.699218750000000444e-01
9.666015624999999556e-01
9.693359375000000222e-01
9.685546874999999556e-01
9.687500000000000000e-01
9.716796875000000000e-01
9.722656250000000222e-01
9.697265625000000000e-01
9.716796875000000000e-01
9.701171874999999778e-01
9.666015624999999556e-01
9.685546874999999556e-01
9.677734375000000000e-01
9.681640624999999778e-01
9.710937499999999778e-01
9.763671874999999556e-01
9.693359375000000222e-01
9.730468749999999778e-01
9.703125000000000222e-01
9.720703124999999778e-01
9.695312499999999556e-01
9.742187500000000222e-01
9.685546874999999556e-01
9.722656250000000222e-01
9.683593750000000222e-01
9.763671874999999556e-01
9.718750000000000444e-01
9.644531250000000222e-01
9.636718749999999556e-01
9.685546874999999556e-01
9.705078124999999556e-01
9.695312499999999556e-01
9.749999999999999778e-01
9.691406249999999778e-01
9.716796875000000000e-01
9.714843749999999556e-01
9.716796875000000000e-01
9.705078124999999556e-01
9.746093750000000000e-01
9.724609374999999556e-01
9.701171874999999778e-01
9.736328125000000000e-01
9.720703124999999778e-01
9.650390625000000444e-01
9.646484374999999556e-01
9.681640624999999778e-01
9.691406249999999778e-01
9.714843749999999556e-01
9.646484374999999556e-01
9.673828125000000222e-01
9.722656250000000222e-01
9.693359375000000222e-01
9.732421875000000222e-01
9.751953125000000222e-01
9.746093750000000000e-01
9.744140624999999556e-01
9.693359375000000222e-01
9.720703124999999778e-01
9.693359375000000222e-01
9.728515625000000444e-01
9.695312499999999556e-01
9.773437499999999556e-01
9.755859375000000000e-01
9.789062499999999778e-01
9.800781250000000222e-01
9.783203124999999556e-01
9.759765624999999778e-01
9.712890625000000222e-01
9.660156250000000444e-01
9.615234375000000222e-01
9.601562500000000444e-01
9.650390625000000444e-01
9.712890625000000222e-01
9.740234374999999778e-01
9.707031250000000000e-01
9.703125000000000222e-01
9.699218750000000444e-01
9.736328125000000000e-01
9.693359375000000222e-01
9.675781249999999556e-01
9.666015624999999556e-01
9.707031250000000000e-01
9.701171874999999778e-01
9.736328125000000000e-01
9.724609374999999556e-01
9.728515625000000444e-01
9.736328125000000000e-01
9.687500000000000000e-01
9.757812500000000444e-01
9.679687500000000444e-01
9.679687500000000444e-01
9.687500000000000000e-01
9.720703124999999778e-01
9.679687500000000444e-01
9.685546874999999556e-01
9.695312499999999556e-01
9.695312499999999556e-01
9.689453125000000444e-01
9.732421875000000222e-01
9.730468749999999778e-01
9.726562500000000000e-01
9.695312499999999556e-01
9.691406249999999778e-01
9.667968750000000000e-01
9.728515625000000444e-01
9.687500000000000000e-01
9.703125000000000222e-01
9.685546874999999556e-01
9.728515625000000444e-01
9.679687500000000444e-01
9.716796875000000000e-01
9.710937499999999778e-01
9.705078124999999556e-01
9.703125000000000222e-01
9.699218750000000444e-01
9.648437500000000000e-01
9.707031250000000000e-01
9.734374999999999556e-01
9.728515625000000444e-01
9.779296874999999778e-01
9.763671874999999556e-01
9.724609374999999556e-01
9.708984375000000444e-01
9.691406249999999778e-01
9.716796875000000000e-01
9.664062500000000222e-01
9.707031250000000000e-01
9.685546874999999556e-01
9.730468749999999778e-01
9.708984375000000444e-01
9.673828125000000222e-01
9.673828125000000222e-01
9.707031250000000000e-01
9.712890625000000222e-01
9.707031250000000000e-01
9.689453125000000444e-01
9.708984375000000444e-01
9.703125000000000222e-01
9.740234374999999778e-01
9.763671874999999556e-01
9.722656250000000222e-01
9.691406249999999778e-01
9.716796875000000000e-01
9.705078124999999556e-01
9.699218750000000444e-01
9.677734375000000000e-01
9.699218750000000444e-01
9.707031250000000000e-01
9.671874999999999778e-01
9.726562500000000000e-01
9.716796875000000000e-01
9.728515625000000444e-01
9.683593750000000222e-01
9.679687500000000444e-01
9.773437499999999556e-01
9.736328125000000000e-01
9.689453125000000444e-01
9.669921875000000444e-01
9.734374999999999556e-01
9.724609374999999556e-01
9.691406249999999778e-01
9.732421875000000222e-01
9.728515625000000444e-01
9.695312499999999556e-01
9.683593750000000222e-01
9.701171874999999778e-01
9.718750000000000444e-01
9.662109374999999778e-01
9.707031250000000000e-01
9.734374999999999556e-01
9.763671874999999556e-01
9.753906249999999556e-01
9.736328125000000000e-01
9.740234374999999778e-01
9.738281250000000444e-01
9.742187500000000222e-01
9.691406249999999778e-01
9.712890625000000222e-01
9.701171874999999778e-01
9.689453125000000444e-01
9.707031250000000000e-01
9.722656250000000222e-01
9.740234374999999778e-01
9.759765624999999778e-01
9.765625000000000000e-01
9.722656250000000222e-01
9.712890625000000222e-01
9.736328125000000000e-01
9.697265625000000000e-01
9.691406249999999778e-01
9.726562500000000000e-01
9.654296875000000222e-01
9.666015624999999556e-01
9.679687500000000444e-01
9.751953125000000222e-01
9.689453125000000444e-01
9.632812499999999778e-01
9.656249999999999556e-01
9.662109374999999778e-01
9.705078124999999556e-01
9.714843749999999556e-01
9.720703124999999778e-01
9.703125000000000222e-01
9.722656250000000222e-01
9.710937499999999778e-01
9.716796875000000000e-01
9.685546874999999556e-01
9.705078124999999556e-01
9.757812500000000444e-01
9.724609374999999556e-01
9.767578125000000444e-01
9.726562500000000000e-01
9.714843749999999556e-01
9.712890625000000222e-01
9.695312499999999556e-01
9.693359375000000222e-01
9.626953124999999556e-01
9.707031250000000000e-01
9.697265625000000000e-01
9.730468749999999778e-01
9.724609374999999556e-01
9.759765624999999778e-01
9.763671874999999556e-01
9.703125000000000222e-01
9.683593750000000222e-01
9.720703124999999778e-01
9.710937499999999778e-01
9.707031250000000000e-01
9.707031250000000000e-01
9.718750000000000444e-01
9.718750000000000444e-01
9.695312499999999556e-01
9.636718749999999556e-01
9.666015624999999556e-01
9.662109374999999778e-01
9.716796875000000000e-01
9.728515625000000444e-01
9.703125000000000222e-01
9.687500000000000000e-01
9.687500000000000000e-01
9.679687500000000444e-01
9.650390625000000444e-01
9.673828125000000222e-01
9.662109374999999778e-01
9.658203125000000000e-01
9.660156250000000444e-01
9.701171874999999778e-01
9.730468749999999778e-01
9.705078124999999556e-01
9.720703124999999778e-01
9.751953125000000222e-01
9.763671874999999556e-01
9.792968749999999556e-01
9.775390625000000000e-01
9.773437499999999556e-01
9.746093750000000000e-01
9.781250000000000222e-01
9.740234374999999778e-01
9.769531249999999778e-01
9.755859375000000000e-01
9.738281250000000444e-01
9.744140624999999556e-01
9.742187500000000222e-01
9.751953125000000222e-01
9.693359375000000222e-01
9.681640624999999778e-01
9.712890625000000222e-01
9.712890625000000222e-01
9.675781249999999556e-01
9.734374999999999556e-01
9.740234374999999778e-01
9.726562500000000000e-01
9.714843749999999556e-01
9.761718750000000222e-01
9.691406249999999778e-01
9.746093750000000000e-01
9.744140624999999556e-01
9.753906249999999556e-01
9.773437499999999556e-01
9.732421875000000222e-01
9.685546874999999556e-01
9.734374999999999556e-01
9.677734375000000000e-01
9.697265625000000000e-01
9.693359375000000222e-01
9.693359375000000222e-01
9.746093750000000000e-01
9.662109374999999778e-01
9.693359375000000222e-01
9.726562500000000000e-01
9.660156250000000444e-01
9.654296875000000222e-01
9.687500000000000000e-01
9.707031250000000000e-01
9.681640624999999778e-01
9.720703124999999778e-01
9.740234374999999778e-01
9.708984375000000444e-01
9.712890625000000222e-01
9.732421875000000222e-01
9.679687500000000444e-01
9.689453125000000444e-01
9.693359375000000222e-01
9.751953125000000222e-01
9.730468749999999778e-01
9.689453125000000444e-01
9.710937499999999778e-01
9.714843749999999556e-01
9.724609374999999556e-01
9.720703124999999778e-01
9.660156250000000444e-01
9.722656250000000222e-01
9.726562500000000000e-01
9.724609374999999556e-01
9.675781249999999556e-01
9.691406249999999778e-01
9.691406249999999778e-01
9.705078124999999556e-01
9.736328125000000000e-01
9.689453125000000444e-01
9.744140624999999556e-01
9.726562500000000000e-01
9.695312499999999556e-01
9.691406249999999778e-01
9.730468749999999778e-01
9.722656250000000222e-01
9.755859375000000000e-01
9.746093750000000000e-01
9.753906249999999556e-01
9.716796875000000000e-01
9.722656250000000222e-01
9.656249999999999556e-01
9.656249999999999556e-01
9.675781249999999556e-01
9.683593750000000222e-01
9.703125000000000222e-01
9.716796875000000000e-01
9.773437499999999556e-01
9.742187500000000222e-01
9.738281250000000444e-01
9.714843749999999556e-01
9.748046875000000444e-01
9.748046875000000444e-01
9.720703124999999778e-01
9.773437499999999556e-01
9.566406250000000222e-01
9.677734375000000000e-01
9.818359374999999778e-01
9.857421874999999778e-01
9.804687500000000000e-01
9.863281250000000000e-01
9.875000000000000444e-01
9.916015624999999778e-01
9.931640625000000000e-01
9.939453124999999556e-01
9.925781249999999778e-01
9.939453124999999556e-01
9.937500000000000222e-01
9.945312499999999778e-01
9.943359375000000444e-01
9.943359375000000444e-01
9.945312499999999778e-01
9.960937500000000000e-01
9.962890625000000444e-01
9.972656250000000444e-01
9.970703125000000000e-01
9.978515624999999556e-01
9.964843749999999778e-01
9.978515624999999556e-01
9.962890625000000444e-01
9.976562500000000222e-01
9.982421875000000444e-01
9.970703125000000000e-01
9.974609374999999778e-01
9.984374999999999778e-01
9.982421875000000444e-01
9.976562500000000222e-01
9.986328125000000222e-01
9.988281249999999556e-01
9.990234375000000000e-01
9.988281249999999556e-01
9.988281249999999556e-01
9.984374999999999778e-01
9.996093750000000222e-01
9.982421875000000444e-01
9.996093750000000222e-01
9.992187500000000444e-01
9.984374999999999778e-01
9.994140624999999778e-01
9.994140624999999778e-01
9.998046874999999556e-01
9.992187500000000444e-01
9.998046874999999556e-01
9.994140624999999778e-01
9.988281249999999556e-01
9.994140624999999778e-01
9.992187500000000444e-01
9.988281249999999556e-01
9.992187500000000444e-01
9.998046874999999556e-01
9.996093750000000222e-01
9.996093750000000222e-01
1.000000000000000000e+00
9.996093750000000222e-01
9.994140624999999778e-01
9.996093750000000222e-01
1.000000000000000000e+00
9.998046874999999556e-01
9.998046874999999556e-01
1.000000000000000000e+00
9.992187500000000444e-01
9.998046874999999556e-01
1.000000000000000000e+00
9.994140624999999778e-01
9.998046874999999556e-01
1.000000000000000000e+00
9.998046874999999556e-01
9.996093750000000222e-01
1.000000000000000000e+00
9.998046874999999556e-01
1.000000000000000000e+00
9.998046874999999556e-01
1.000000000000000000e+00
9.998046874999999556e-01
9.998046874999999556e-01
1.000000000000000000e+00
9.998046874999999556e-01
9.996093750000000222e-01
1.000000000000000000e+00
1.000000000000000000e+00
1.000000000000000000e+00
1.000000000000000000e+00
1.000000000000000000e+00
9.996093750000000222e-01
1.000000000000000000e+00
1.000000000000000000e+00
9.998046874999999556e-01
1.000000000000000000e+00
9.998046874999999556e-01
1.000000000000000000e+00
1.000000000000000000e+00
9.998046874999999556e-01
1.000000000000000000e+00
1.000000000000000000e+00
9.998046874999999556e-01
9.996093750000000222e-01
1.000000000000000000e+00
1.000000000000000000e+00
1.000000000000000000e+00
1.000000000000000000e+00
9.996093750000000222e-01
1.000000000000000000e+00
1.000000000000000000e+00
1.000000000000000000e+00
1.000000000000000000e+00
9.998046874999999556e-01
1.000000000000000000e+00
1.000000000000000000e+00
1.000000000000000000e+00
1.000000000000000000e+00
1.000000000000000000e+00
1.000000000000000000e+00
1.000000000000000000e+00
1.000000000000000000e+00
1.000000000000000000e+00
1.000000000000000000e+00
1.000000000000000000e+00
9.998046874999999556e-01
1.000000000000000000e+00
9.998046874999999556e-01
1.000000000000000000e+00
1.000000000000000000e+00
1.000000000000000000e+00
1.000000000000000000e+00
1.000000000000000000e+00
1.000000000000000000e+00
1.000000000000000000e+00
1.000000000000000000e+00
1.000000000000000000e+00
1.000000000000000000e+00
1.000000000000000000e+00
1.000000000000000000e+00
1.000000000000000000e+00
1.000000000000000000e+00
1.000000000000000000e+00
1.000000000000000000e+00
1.000000000000000000e+00
1.000000000000000000e+00
1.000000000000000000e+00
9.998046874999999556e-01
1.000000000000000000e+00
1.000000000000000000e+00
1.000000000000000000e+00
1.000000000000000000e+00
1.000000000000000000e+00
1.000000000000000000e+00
1.000000000000000000e+00
1.000000000000000000e+00
1.000000000000000000e+00
1.000000000000000000e+00
1.000000000000000000e+00
1.000000000000000000e+00
1.000000000000000000e+00
1.000000000000000000e+00
1.000000000000000000e+00
1.000000000000000000e+00
1.000000000000000000e+00
1.000000000000000000e+00
1.000000000000000000e+00
1.000000000000000000e+00
1.000000000000000000e+00
1.000000000000000000e+00
1.000000000000000000e+00
1.000000000000000000e+00
1.000000000000000000e+00
1.000000000000000000e+00
1.000000000000000000e+00
1.000000000000000000e+00
1.000000000000000000e+00
1.000000000000000000e+00
1.000000000000000000e+00
1.000000000000000000e+00
1.000000000000000000e+00
1.000000000000000000e+00
1.000000000000000000e+00
1.000000000000000000e+00
1.000000000000000000e+00
1.000000000000000000e+00
1.000000000000000000e+00
1.000000000000000000e+00
1.000000000000000000e+00
1.000000000000000000e+00
1.000000000000000000e+00
1.000000000000000000e+00
1.000000000000000000e+00
1.000000000000000000e+00
1.000000000000000000e+00
1.000000000000000000e+00
1.000000000000000000e+00
1.000000000000000000e+00
1.000000000000000000e+00
1.000000000000000000e+00
1.000000000000000000e+00
1.000000000000000000e+00
1.000000000000000000e+00
1.000000000000000000e+00
1.000000000000000000e+00
1.000000000000000000e+00
1.000000000000000000e+00
1.000000000000000000e+00
1.000000000000000000e+00
1.000000000000000000e+00
1.000000000000000000e+00
1.000000000000000000e+00
1.000000000000000000e+00
1.000000000000000000e+00
1.000000000000000000e+00
1.000000000000000000e+00
1.000000000000000000e+00
1.000000000000000000e+00
1.000000000000000000e+00
1.000000000000000000e+00
1.000000000000000000e+00
9.998046874999999556e-01
1.000000000000000000e+00
1.000000000000000000e+00
1.000000000000000000e+00
1.000000000000000000e+00
1.000000000000000000e+00
1.000000000000000000e+00
1.000000000000000000e+00
1.000000000000000000e+00
1.000000000000000000e+00
1.000000000000000000e+00
1.000000000000000000e+00
1.000000000000000000e+00
1.000000000000000000e+00
1.000000000000000000e+00
1.000000000000000000e+00
1.000000000000000000e+00
1.000000000000000000e+00
1.000000000000000000e+00
1.000000000000000000e+00
1.000000000000000000e+00
1.000000000000000000e+00
1.000000000000000000e+00
1.000000000000000000e+00
1.000000000000000000e+00
1.000000000000000000e+00
1.000000000000000000e+00
1.000000000000000000e+00
1.000000000000000000e+00
1.000000000000000000e+00
1.000000000000000000e+00
1.000000000000000000e+00
1.000000000000000000e+00
1.000000000000000000e+00
1.000000000000000000e+00
1.000000000000000000e+00
1.000000000000000000e+00
1.000000000000000000e+00
1.000000000000000000e+00
1.000000000000000000e+00
1.000000000000000000e+00
1.000000000000000000e+00
1.000000000000000000e+00
1.000000000000000000e+00
1.000000000000000000e+00
1.000000000000000000e+00
1.000000000000000000e+00
1.000000000000000000e+00
1.000000000000000000e+00
1.000000000000000000e+00
1.000000000000000000e+00
1.000000000000000000e+00
1.000000000000000000e+00
1.000000000000000000e+00
1.000000000000000000e+00
1.000000000000000000e+00
1.000000000000000000e+00
1.000000000000000000e+00
1.000000000000000000e+00
1.000000000000000000e+00
1.000000000000000000e+00
1.000000000000000000e+00
1.000000000000000000e+00
1.000000000000000000e+00
1.000000000000000000e+00
1.000000000000000000e+00
1.000000000000000000e+00
1.000000000000000000e+00
1.000000000000000000e+00
1.000000000000000000e+00
1.000000000000000000e+00
1.000000000000000000e+00
1.000000000000000000e+00
1.000000000000000000e+00
1.000000000000000000e+00
1.000000000000000000e+00
1.000000000000000000e+00
1.000000000000000000e+00
1.000000000000000000e+00
1.000000000000000000e+00
1.000000000000000000e+00
1.000000000000000000e+00
1.000000000000000000e+00
1.000000000000000000e+00
1.000000000000000000e+00
1.000000000000000000e+00
1.000000000000000000e+00
1.000000000000000000e+00
1.000000000000000000e+00
1.000000000000000000e+00
1.000000000000000000e+00
1.000000000000000000e+00
1.000000000000000000e+00
1.000000000000000000e+00
1.000000000000000000e+00
1.000000000000000000e+00
1.000000000000000000e+00
1.000000000000000000e+00
1.000000000000000000e+00
1.000000000000000000e+00
1.000000000000000000e+00
1.000000000000000000e+00
1.000000000000000000e+00
1.000000000000000000e+00
1.000000000000000000e+00
1.000000000000000000e+00
1.000000000000000000e+00
1.000000000000000000e+00
1.000000000000000000e+00
1.000000000000000000e+00
1.000000000000000000e+00
1.000000000000000000e+00
1.000000000000000000e+00
1.000000000000000000e+00
1.000000000000000000e+00
1.000000000000000000e+00
1.000000000000000000e+00
1.000000000000000000e+00
1.000000000000000000e+00
1.000000000000000000e+00
1.000000000000000000e+00
1.000000000000000000e+00
1.000000000000000000e+00
1.000000000000000000e+00
1.000000000000000000e+00
1.000000000000000000e+00
1.000000000000000000e+00
1.000000000000000000e+00
1.000000000000000000e+00
1.000000000000000000e+00
1.000000000000000000e+00
1.000000000000000000e+00
1.000000000000000000e+00
1.000000000000000000e+00
1.000000000000000000e+00
1.000000000000000000e+00
1.000000000000000000e+00
1.000000000000000000e+00
1.000000000000000000e+00
1.000000000000000000e+00
1.000000000000000000e+00
1.000000000000000000e+00
1.000000000000000000e+00
1.000000000000000000e+00
1.000000000000000000e+00
1.000000000000000000e+00
1.000000000000000000e+00
1.000000000000000000e+00
1.000000000000000000e+00
1.000000000000000000e+00
1.000000000000000000e+00
1.000000000000000000e+00
1.000000000000000000e+00
1.000000000000000000e+00
1.000000000000000000e+00
1.000000000000000000e+00
1.000000000000000000e+00
1.000000000000000000e+00
1.000000000000000000e+00
1.000000000000000000e+00
1.000000000000000000e+00
1.000000000000000000e+00
1.000000000000000000e+00
1.000000000000000000e+00
1.000000000000000000e+00
1.000000000000000000e+00
1.000000000000000000e+00
1.000000000000000000e+00
1.000000000000000000e+00
1.000000000000000000e+00
1.000000000000000000e+00
1.000000000000000000e+00
1.000000000000000000e+00
1.000000000000000000e+00
1.000000000000000000e+00
1.000000000000000000e+00
1.000000000000000000e+00
1.000000000000000000e+00
1.000000000000000000e+00
1.000000000000000000e+00
1.000000000000000000e+00
1.000000000000000000e+00
1.000000000000000000e+00
1.000000000000000000e+00
1.000000000000000000e+00
1.000000000000000000e+00
1.000000000000000000e+00
1.000000000000000000e+00
1.000000000000000000e+00
1.000000000000000000e+00
1.000000000000000000e+00
1.000000000000000000e+00
1.000000000000000000e+00
1.000000000000000000e+00
1.000000000000000000e+00
1.000000000000000000e+00
1.000000000000000000e+00
1.000000000000000000e+00
1.000000000000000000e+00
1.000000000000000000e+00
1.000000000000000000e+00
1.000000000000000000e+00
1.000000000000000000e+00
1.000000000000000000e+00
1.000000000000000000e+00
1.000000000000000000e+00
1.000000000000000000e+00
1.000000000000000000e+00
1.000000000000000000e+00
1.000000000000000000e+00
1.000000000000000000e+00
1.000000000000000000e+00
1.000000000000000000e+00
1.000000000000000000e+00
1.000000000000000000e+00
1.000000000000000000e+00
1.000000000000000000e+00
1.000000000000000000e+00
1.000000000000000000e+00
1.000000000000000000e+00
1.000000000000000000e+00
1.000000000000000000e+00
1.000000000000000000e+00
1.000000000000000000e+00
1.000000000000000000e+00
1.000000000000000000e+00
1.000000000000000000e+00
1.000000000000000000e+00
1.000000000000000000e+00
1.000000000000000000e+00
1.000000000000000000e+00
1.000000000000000000e+00
1.000000000000000000e+00
1.000000000000000000e+00
1.000000000000000000e+00
1.000000000000000000e+00
1.000000000000000000e+00
1.000000000000000000e+00
1.000000000000000000e+00
1.000000000000000000e+00
1.000000000000000000e+00
1.000000000000000000e+00
1.000000000000000000e+00
1.000000000000000000e+00
1.000000000000000000e+00
1.000000000000000000e+00
1.000000000000000000e+00
1.000000000000000000e+00
1.000000000000000000e+00
1.000000000000000000e+00
1.000000000000000000e+00
1.000000000000000000e+00
1.000000000000000000e+00
1.000000000000000000e+00
1.000000000000000000e+00
1.000000000000000000e+00
1.000000000000000000e+00
1.000000000000000000e+00
1.000000000000000000e+00
1.000000000000000000e+00
1.000000000000000000e+00
1.000000000000000000e+00
1.000000000000000000e+00
1.000000000000000000e+00
1.000000000000000000e+00
1.000000000000000000e+00
1.000000000000000000e+00
1.000000000000000000e+00
1.000000000000000000e+00
1.000000000000000000e+00
1.000000000000000000e+00
1.000000000000000000e+00
1.000000000000000000e+00
1.000000000000000000e+00
1.000000000000000000e+00
1.000000000000000000e+00
1.000000000000000000e+00
1.000000000000000000e+00
1.000000000000000000e+00
1.000000000000000000e+00
1.000000000000000000e+00
1.000000000000000000e+00
1.000000000000000000e+00
1.000000000000000000e+00
1.000000000000000000e+00
1.000000000000000000e+00
1.000000000000000000e+00
1.000000000000000000e+00
1.000000000000000000e+00
1.000000000000000000e+00
1.000000000000000000e+00
1.000000000000000000e+00
1.000000000000000000e+00
1.000000000000000000e+00
1.000000000000000000e+00
1.000000000000000000e+00
1.000000000000000000e+00
1.000000000000000000e+00
1.000000000000000000e+00
1.000000000000000000e+00
1.000000000000000000e+00
1.000000000000000000e+00
1.000000000000000000e+00
1.000000000000000000e+00
1.000000000000000000e+00
1.000000000000000000e+00
1.000000000000000000e+00
1.000000000000000000e+00
1.000000000000000000e+00
1.000000000000000000e+00
1.000000000000000000e+00
1.000000000000000000e+00
1.000000000000000000e+00
1.000000000000000000e+00
1.000000000000000000e+00
1.000000000000000000e+00
1.000000000000000000e+00
1.000000000000000000e+00
1.000000000000000000e+00
1.000000000000000000e+00
1.000000000000000000e+00
1.000000000000000000e+00
1.000000000000000000e+00
1.000000000000000000e+00
1.000000000000000000e+00
1.000000000000000000e+00
1.000000000000000000e+00
1.000000000000000000e+00
1.000000000000000000e+00
1.000000000000000000e+00
1.000000000000000000e+00
1.000000000000000000e+00
1.000000000000000000e+00
1.000000000000000000e+00
1.000000000000000000e+00
1.000000000000000000e+00
1.000000000000000000e+00
1.000000000000000000e+00
1.000000000000000000e+00
1.000000000000000000e+00
1.000000000000000000e+00
1.000000000000000000e+00
1.000000000000000000e+00
1.000000000000000000e+00
1.000000000000000000e+00
1.000000000000000000e+00
1.000000000000000000e+00
1.000000000000000000e+00
1.000000000000000000e+00
1.000000000000000000e+00
1.000000000000000000e+00
1.000000000000000000e+00
1.000000000000000000e+00
1.000000000000000000e+00
1.000000000000000000e+00
1.000000000000000000e+00
1.000000000000000000e+00
1.000000000000000000e+00
1.000000000000000000e+00
1.000000000000000000e+00
1.000000000000000000e+00
1.000000000000000000e+00
1.000000000000000000e+00
1.000000000000000000e+00
1.000000000000000000e+00
1.000000000000000000e+00
1.000000000000000000e+00
1.000000000000000000e+00
1.000000000000000000e+00
1.000000000000000000e+00
1.000000000000000000e+00
1.000000000000000000e+00
1.000000000000000000e+00
1.000000000000000000e+00
1.000000000000000000e+00
1.000000000000000000e+00
1.000000000000000000e+00
1.000000000000000000e+00
1.000000000000000000e+00
1.000000000000000000e+00
1.000000000000000000e+00
1.000000000000000000e+00
1.000000000000000000e+00
1.000000000000000000e+00
1.000000000000000000e+00
1.000000000000000000e+00
1.000000000000000000e+00
1.000000000000000000e+00
1.000000000000000000e+00
1.000000000000000000e+00
1.000000000000000000e+00
1.000000000000000000e+00
1.000000000000000000e+00
1.000000000000000000e+00
1.000000000000000000e+00
1.000000000000000000e+00
1.000000000000000000e+00
1.000000000000000000e+00
1.000000000000000000e+00
1.000000000000000000e+00
1.000000000000000000e+00
1.000000000000000000e+00
1.000000000000000000e+00
1.000000000000000000e+00
1.000000000000000000e+00
1.000000000000000000e+00
1.000000000000000000e+00
1.000000000000000000e+00
1.000000000000000000e+00
1.000000000000000000e+00
1.000000000000000000e+00
1.000000000000000000e+00
1.000000000000000000e+00
1.000000000000000000e+00
1.000000000000000000e+00
1.000000000000000000e+00
1.000000000000000000e+00
1.000000000000000000e+00
1.000000000000000000e+00
1.000000000000000000e+00
1.000000000000000000e+00
1.000000000000000000e+00
1.000000000000000000e+00
1.000000000000000000e+00
1.000000000000000000e+00
1.000000000000000000e+00
1.000000000000000000e+00
1.000000000000000000e+00
1.000000000000000000e+00
1.000000000000000000e+00
1.000000000000000000e+00
1.000000000000000000e+00
1.000000000000000000e+00
1.000000000000000000e+00
1.000000000000000000e+00
1.000000000000000000e+00
1.000000000000000000e+00
1.000000000000000000e+00
1.000000000000000000e+00
1.000000000000000000e+00
1.000000000000000000e+00
1.000000000000000000e+00
1.000000000000000000e+00
1.000000000000000000e+00
1.000000000000000000e+00
1.000000000000000000e+00
1.000000000000000000e+00
1.000000000000000000e+00
1.000000000000000000e+00
1.000000000000000000e+00
1.000000000000000000e+00
1.000000000000000000e+00
1.000000000000000000e+00
1.000000000000000000e+00
1.000000000000000000e+00
1.000000000000000000e+00
1.000000000000000000e+00
1.000000000000000000e+00
1.000000000000000000e+00
1.000000000000000000e+00
1.000000000000000000e+00
1.000000000000000000e+00
1.000000000000000000e+00
1.000000000000000000e+00
1.000000000000000000e+00
1.000000000000000000e+00
1.000000000000000000e+00
1.000000000000000000e+00
1.000000000000000000e+00
1.000000000000000000e+00
1.000000000000000000e+00
1.000000000000000000e+00
1.000000000000000000e+00
1.000000000000000000e+00
1.000000000000000000e+00
1.000000000000000000e+00
1.000000000000000000e+00
1.000000000000000000e+00
1.000000000000000000e+00
1.000000000000000000e+00
1.000000000000000000e+00
1.000000000000000000e+00
1.000000000000000000e+00
1.000000000000000000e+00
1.000000000000000000e+00
1.000000000000000000e+00
1.000000000000000000e+00
1.000000000000000000e+00
1.000000000000000000e+00
1.000000000000000000e+00
1.000000000000000000e+00
1.000000000000000000e+00
1.000000000000000000e+00
1.000000000000000000e+00
1.000000000000000000e+00
1.000000000000000000e+00
1.000000000000000000e+00
1.000000000000000000e+00
1.000000000000000000e+00
1.000000000000000000e+00
1.000000000000000000e+00
1.000000000000000000e+00
1.000000000000000000e+00
1.000000000000000000e+00
1.000000000000000000e+00
1.000000000000000000e+00
1.000000000000000000e+00
1.000000000000000000e+00
1.000000000000000000e+00
1.000000000000000000e+00
1.000000000000000000e+00
1.000000000000000000e+00
1.000000000000000000e+00
1.000000000000000000e+00
1.000000000000000000e+00
1.000000000000000000e+00
1.000000000000000000e+00
1.000000000000000000e+00
1.000000000000000000e+00
1.000000000000000000e+00
1.000000000000000000e+00
1.000000000000000000e+00
1.000000000000000000e+00
1.000000000000000000e+00
1.000000000000000000e+00
1.000000000000000000e+00
1.000000000000000000e+00
1.000000000000000000e+00
1.000000000000000000e+00
1.000000000000000000e+00
1.000000000000000000e+00
1.000000000000000000e+00
1.000000000000000000e+00
1.000000000000000000e+00
1.000000000000000000e+00
1.000000000000000000e+00
1.000000000000000000e+00
1.000000000000000000e+00
1.000000000000000000e+00
1.000000000000000000e+00
1.000000000000000000e+00
1.000000000000000000e+00
1.000000000000000000e+00
1.000000000000000000e+00
1.000000000000000000e+00
1.000000000000000000e+00
1.000000000000000000e+00
1.000000000000000000e+00
1.000000000000000000e+00
1.000000000000000000e+00
1.000000000000000000e+00
1.000000000000000000e+00
1.000000000000000000e+00
1.000000000000000000e+00
1.000000000000000000e+00
1.000000000000000000e+00
1.000000000000000000e+00
1.000000000000000000e+00
1.000000000000000000e+00
1.000000000000000000e+00
1.000000000000000000e+00
1.000000000000000000e+00
1.000000000000000000e+00
1.000000000000000000e+00
1.000000000000000000e+00
1.000000000000000000e+00
1.000000000000000000e+00
1.000000000000000000e+00
1.000000000000000000e+00
1.000000000000000000e+00
1.000000000000000000e+00
1.000000000000000000e+00
1.000000000000000000e+00
1.000000000000000000e+00
1.000000000000000000e+00
1.000000000000000000e+00
1.000000000000000000e+00
1.000000000000000000e+00
1.000000000000000000e+00
1.000000000000000000e+00
1.000000000000000000e+00
1.000000000000000000e+00
1.000000000000000000e+00
1.000000000000000000e+00
1.000000000000000000e+00
1.000000000000000000e+00
1.000000000000000000e+00
1.000000000000000000e+00
1.000000000000000000e+00
1.000000000000000000e+00
1.000000000000000000e+00
1.000000000000000000e+00
1.000000000000000000e+00
1.000000000000000000e+00
1.000000000000000000e+00
1.000000000000000000e+00
1.000000000000000000e+00
1.000000000000000000e+00
1.000000000000000000e+00
1.000000000000000000e+00
1.000000000000000000e+00
1.000000000000000000e+00
1.000000000000000000e+00
1.000000000000000000e+00
1.000000000000000000e+00
1.000000000000000000e+00
1.000000000000000000e+00
1.000000000000000000e+00
1.000000000000000000e+00
1.000000000000000000e+00
1.000000000000000000e+00
1.000000000000000000e+00
1.000000000000000000e+00
1.000000000000000000e+00
1.000000000000000000e+00
1.000000000000000000e+00
1.000000000000000000e+00
1.000000000000000000e+00
1.000000000000000000e+00
1.000000000000000000e+00
1.000000000000000000e+00
1.000000000000000000e+00
1.000000000000000000e+00
1.000000000000000000e+00
1.000000000000000000e+00
1.000000000000000000e+00
1.000000000000000000e+00
1.000000000000000000e+00
1.000000000000000000e+00
1.000000000000000000e+00
1.000000000000000000e+00
1.000000000000000000e+00
1.000000000000000000e+00
1.000000000000000000e+00
1.000000000000000000e+00
1.000000000000000000e+00
1.000000000000000000e+00
1.000000000000000000e+00
1.000000000000000000e+00
1.000000000000000000e+00
1.000000000000000000e+00
1.000000000000000000e+00
1.000000000000000000e+00
1.000000000000000000e+00
1.000000000000000000e+00
1.000000000000000000e+00
1.000000000000000000e+00
1.000000000000000000e+00
1.000000000000000000e+00
1.000000000000000000e+00
1.000000000000000000e+00
1.000000000000000000e+00
1.000000000000000000e+00
1.000000000000000000e+00
1.000000000000000000e+00
1.000000000000000000e+00
1.000000000000000000e+00
1.000000000000000000e+00
1.000000000000000000e+00
1.000000000000000000e+00
1.000000000000000000e+00
1.000000000000000000e+00
1.000000000000000000e+00
1.000000000000000000e+00
1.000000000000000000e+00
1.000000000000000000e+00
1.000000000000000000e+00
1.000000000000000000e+00
1.000000000000000000e+00
1.000000000000000000e+00
1.000000000000000000e+00
1.000000000000000000e+00
1.000000000000000000e+00
1.000000000000000000e+00
1.000000000000000000e+00
1.000000000000000000e+00
1.000000000000000000e+00
1.000000000000000000e+00
1.000000000000000000e+00
1.000000000000000000e+00
1.000000000000000000e+00
1.000000000000000000e+00
1.000000000000000000e+00
1.000000000000000000e+00
1.000000000000000000e+00
1.000000000000000000e+00
1.000000000000000000e+00
1.000000000000000000e+00
1.000000000000000000e+00
1.000000000000000000e+00
1.000000000000000000e+00
1.000000000000000000e+00
1.000000000000000000e+00
1.000000000000000000e+00
1.000000000000000000e+00
1.000000000000000000e+00
1.000000000000000000e+00
1.000000000000000000e+00
1.000000000000000000e+00
1.000000000000000000e+00
1.000000000000000000e+00
1.000000000000000000e+00
1.000000000000000000e+00
1.000000000000000000e+00
1.000000000000000000e+00
1.000000000000000000e+00
1.000000000000000000e+00
1.000000000000000000e+00
1.000000000000000000e+00
1.000000000000000000e+00
1.000000000000000000e+00
1.000000000000000000e+00
1.000000000000000000e+00
1.000000000000000000e+00
1.000000000000000000e+00
1.000000000000000000e+00
1.000000000000000000e+00
1.000000000000000000e+00
1.000000000000000000e+00
1.000000000000000000e+00
1.000000000000000000e+00
1.000000000000000000e+00
1.000000000000000000e+00
1.000000000000000000e+00
1.000000000000000000e+00
1.000000000000000000e+00
1.000000000000000000e+00
1.000000000000000000e+00
1.000000000000000000e+00
1.000000000000000000e+00
1.000000000000000000e+00
1.000000000000000000e+00
1.000000000000000000e+00
1.000000000000000000e+00
1.000000000000000000e+00
1.000000000000000000e+00
1.000000000000000000e+00
1.000000000000000000e+00
1.000000000000000000e+00
1.000000000000000000e+00
1.000000000000000000e+00
1.000000000000000000e+00
1.000000000000000000e+00
1.000000000000000000e+00
1.000000000000000000e+00
1.000000000000000000e+00
1.000000000000000000e+00
1.000000000000000000e+00
1.000000000000000000e+00
1.000000000000000000e+00
1.000000000000000000e+00
1.000000000000000000e+00
1.000000000000000000e+00
1.000000000000000000e+00
1.000000000000000000e+00
1.000000000000000000e+00
1.000000000000000000e+00
1.000000000000000000e+00
1.000000000000000000e+00
1.000000000000000000e+00
1.000000000000000000e+00
1.000000000000000000e+00
1.000000000000000000e+00
1.000000000000000000e+00
1.000000000000000000e+00
1.000000000000000000e+00
1.000000000000000000e+00
1.000000000000000000e+00
1.000000000000000000e+00
1.000000000000000000e+00
1.000000000000000000e+00
1.000000000000000000e+00
1.000000000000000000e+00
1.000000000000000000e+00
1.000000000000000000e+00
1.000000000000000000e+00
1.000000000000000000e+00
1.000000000000000000e+00
1.000000000000000000e+00
1.000000000000000000e+00
1.000000000000000000e+00
1.000000000000000000e+00
1.000000000000000000e+00
1.000000000000000000e+00
1.000000000000000000e+00
1.000000000000000000e+00
1.000000000000000000e+00
1.000000000000000000e+00
1.000000000000000000e+00
1.000000000000000000e+00
1.000000000000000000e+00
1.000000000000000000e+00
1.000000000000000000e+00
1.000000000000000000e+00
1.000000000000000000e+00
1.000000000000000000e+00
1.000000000000000000e+00
1.000000000000000000e+00
1.000000000000000000e+00
1.000000000000000000e+00
1.000000000000000000e+00
1.000000000000000000e+00
1.000000000000000000e+00
1.000000000000000000e+00
1.000000000000000000e+00
1.000000000000000000e+00
1.000000000000000000e+00
1.000000000000000000e+00
1.000000000000000000e+00
1.000000000000000000e+00
1.000000000000000000e+00
1.000000000000000000e+00
1.000000000000000000e+00
1.000000000000000000e+00
1.000000000000000000e+00
1.000000000000000000e+00
1.000000000000000000e+00
1.000000000000000000e+00
1.000000000000000000e+00
1.000000000000000000e+00
1.000000000000000000e+00
1.000000000000000000e+00
1.000000000000000000e+00
1.000000000000000000e+00
1.000000000000000000e+00
1.000000000000000000e+00
1.000000000000000000e+00
1.000000000000000000e+00
1.000000000000000000e+00
1.000000000000000000e+00
1.000000000000000000e+00
1.000000000000000000e+00
1.000000000000000000e+00
1.000000000000000000e+00
1.000000000000000000e+00
1.000000000000000000e+00
1.000000000000000000e+00
1.000000000000000000e+00
1.000000000000000000e+00
1.000000000000000000e+00
1.000000000000000000e+00
1.000000000000000000e+00
1.000000000000000000e+00
1.000000000000000000e+00
1.000000000000000000e+00
1.000000000000000000e+00
1.000000000000000000e+00
1.000000000000000000e+00
1.000000000000000000e+00
1.000000000000000000e+00
1.000000000000000000e+00
1.000000000000000000e+00
1.000000000000000000e+00
1.000000000000000000e+00
1.000000000000000000e+00
1.000000000000000000e+00
1.000000000000000000e+00
1.000000000000000000e+00
1.000000000000000000e+00
1.000000000000000000e+00
1.000000000000000000e+00
1.000000000000000000e+00
1.000000000000000000e+00
1.000000000000000000e+00
1.000000000000000000e+00
1.000000000000000000e+00
1.000000000000000000e+00
1.000000000000000000e+00
1.000000000000000000e+00
1.000000000000000000e+00
1.000000000000000000e+00
1.000000000000000000e+00
1.000000000000000000e+00
1.000000000000000000e+00
1.000000000000000000e+00
1.000000000000000000e+00
1.000000000000000000e+00
1.000000000000000000e+00
1.000000000000000000e+00
1.000000000000000000e+00
1.000000000000000000e+00
1.000000000000000000e+00
1.000000000000000000e+00
1.000000000000000000e+00
1.000000000000000000e+00
1.000000000000000000e+00
1.000000000000000000e+00
1.000000000000000000e+00
1.000000000000000000e+00
1.000000000000000000e+00
1.000000000000000000e+00
1.000000000000000000e+00
1.000000000000000000e+00
1.000000000000000000e+00
1.000000000000000000e+00
1.000000000000000000e+00
1.000000000000000000e+00
1.000000000000000000e+00
1.000000000000000000e+00
1.000000000000000000e+00
1.000000000000000000e+00
1.000000000000000000e+00
1.000000000000000000e+00
1.000000000000000000e+00
1.000000000000000000e+00
1.000000000000000000e+00
1.000000000000000000e+00
1.000000000000000000e+00
1.000000000000000000e+00
1.000000000000000000e+00
1.000000000000000000e+00
1.000000000000000000e+00
1.000000000000000000e+00
1.000000000000000000e+00
1.000000000000000000e+00
1.000000000000000000e+00
1.000000000000000000e+00
1.000000000000000000e+00
1.000000000000000000e+00
1.000000000000000000e+00
1.000000000000000000e+00
1.000000000000000000e+00
1.000000000000000000e+00
1.000000000000000000e+00
1.000000000000000000e+00
1.000000000000000000e+00
1.000000000000000000e+00
1.000000000000000000e+00
1.000000000000000000e+00
1.000000000000000000e+00
1.000000000000000000e+00
1.000000000000000000e+00
1.000000000000000000e+00
1.000000000000000000e+00
1.000000000000000000e+00
1.000000000000000000e+00
1.000000000000000000e+00
1.000000000000000000e+00
1.000000000000000000e+00
1.000000000000000000e+00
1.000000000000000000e+00
1.000000000000000000e+00
1.000000000000000000e+00
1.000000000000000000e+00
1.000000000000000000e+00
1.000000000000000000e+00
1.000000000000000000e+00
1.000000000000000000e+00
1.000000000000000000e+00
1.000000000000000000e+00
1.000000000000000000e+00
1.000000000000000000e+00
1.000000000000000000e+00
1.000000000000000000e+00
1.000000000000000000e+00
1.000000000000000000e+00
1.000000000000000000e+00
1.000000000000000000e+00
1.000000000000000000e+00
1.000000000000000000e+00
1.000000000000000000e+00
1.000000000000000000e+00
1.000000000000000000e+00
1.000000000000000000e+00
1.000000000000000000e+00
1.000000000000000000e+00
1.000000000000000000e+00
1.000000000000000000e+00
1.000000000000000000e+00
1.000000000000000000e+00
1.000000000000000000e+00
1.000000000000000000e+00
1.000000000000000000e+00
1.000000000000000000e+00
1.000000000000000000e+00
1.000000000000000000e+00
1.000000000000000000e+00
1.000000000000000000e+00
1.000000000000000000e+00
1.000000000000000000e+00
1.000000000000000000e+00
1.000000000000000000e+00
1.000000000000000000e+00
1.000000000000000000e+00
1.000000000000000000e+00
1.000000000000000000e+00
1.000000000000000000e+00
1.000000000000000000e+00
1.000000000000000000e+00
1.000000000000000000e+00
1.000000000000000000e+00
1.000000000000000000e+00
1.000000000000000000e+00
1.000000000000000000e+00
1.000000000000000000e+00
1.000000000000000000e+00
1.000000000000000000e+00
1.000000000000000000e+00
1.000000000000000000e+00
1.000000000000000000e+00
1.000000000000000000e+00
1.000000000000000000e+00
1.000000000000000000e+00
1.000000000000000000e+00
1.000000000000000000e+00
1.000000000000000000e+00
1.000000000000000000e+00
1.000000000000000000e+00
1.000000000000000000e+00
1.000000000000000000e+00
1.000000000000000000e+00
1.000000000000000000e+00
1.000000000000000000e+00
1.000000000000000000e+00
1.000000000000000000e+00
1.000000000000000000e+00
1.000000000000000000e+00
1.000000000000000000e+00
1.000000000000000000e+00
1.000000000000000000e+00
1.000000000000000000e+00
1.000000000000000000e+00
1.000000000000000000e+00
1.000000000000000000e+00
1.000000000000000000e+00
1.000000000000000000e+00
1.000000000000000000e+00
1.000000000000000000e+00
1.000000000000000000e+00
1.000000000000000000e+00
1.000000000000000000e+00
1.000000000000000000e+00
1.000000000000000000e+00
1.000000000000000000e+00
1.000000000000000000e+00
1.000000000000000000e+00
1.000000000000000000e+00
1.000000000000000000e+00
1.000000000000000000e+00
1.000000000000000000e+00
1.000000000000000000e+00
1.000000000000000000e+00
1.000000000000000000e+00
1.000000000000000000e+00
1.000000000000000000e+00
1.000000000000000000e+00
1.000000000000000000e+00
1.000000000000000000e+00
1.000000000000000000e+00
1.000000000000000000e+00
1.000000000000000000e+00
1.000000000000000000e+00
1.000000000000000000e+00
1.000000000000000000e+00
1.000000000000000000e+00
1.000000000000000000e+00
1.000000000000000000e+00
1.000000000000000000e+00
1.000000000000000000e+00
1.000000000000000000e+00
1.000000000000000000e+00
1.000000000000000000e+00
1.000000000000000000e+00
1.000000000000000000e+00
1.000000000000000000e+00
1.000000000000000000e+00
1.000000000000000000e+00
1.000000000000000000e+00
1.000000000000000000e+00
1.000000000000000000e+00
1.000000000000000000e+00
1.000000000000000000e+00
1.000000000000000000e+00
1.000000000000000000e+00
1.000000000000000000e+00
1.000000000000000000e+00
1.000000000000000000e+00
1.000000000000000000e+00
1.000000000000000000e+00
1.000000000000000000e+00
1.000000000000000000e+00
1.000000000000000000e+00
1.000000000000000000e+00
1.000000000000000000e+00
1.000000000000000000e+00
1.000000000000000000e+00
1.000000000000000000e+00
1.000000000000000000e+00
1.000000000000000000e+00
1.000000000000000000e+00
1.000000000000000000e+00
1.000000000000000000e+00
1.000000000000000000e+00
1.000000000000000000e+00
1.000000000000000000e+00
1.000000000000000000e+00
1.000000000000000000e+00
1.000000000000000000e+00
1.000000000000000000e+00
1.000000000000000000e+00
1.000000000000000000e+00
1.000000000000000000e+00
1.000000000000000000e+00
1.000000000000000000e+00
1.000000000000000000e+00
1.000000000000000000e+00
1.000000000000000000e+00
1.000000000000000000e+00
1.000000000000000000e+00
1.000000000000000000e+00
1.000000000000000000e+00
1.000000000000000000e+00
1.000000000000000000e+00
1.000000000000000000e+00
1.000000000000000000e+00
1.000000000000000000e+00
1.000000000000000000e+00
1.000000000000000000e+00
1.000000000000000000e+00
1.000000000000000000e+00
1.000000000000000000e+00
1.000000000000000000e+00
1.000000000000000000e+00
1.000000000000000000e+00
1.000000000000000000e+00
1.000000000000000000e+00
1.000000000000000000e+00
1.000000000000000000e+00
1.000000000000000000e+00
1.000000000000000000e+00
1.000000000000000000e+00
1.000000000000000000e+00
1.000000000000000000e+00
1.000000000000000000e+00
1.000000000000000000e+00
1.000000000000000000e+00
1.000000000000000000e+00
1.000000000000000000e+00
1.000000000000000000e+00
1.000000000000000000e+00
1.000000000000000000e+00
1.000000000000000000e+00
1.000000000000000000e+00
1.000000000000000000e+00
1.000000000000000000e+00
1.000000000000000000e+00
1.000000000000000000e+00
1.000000000000000000e+00
1.000000000000000000e+00
1.000000000000000000e+00
1.000000000000000000e+00
1.000000000000000000e+00
1.000000000000000000e+00
1.000000000000000000e+00
1.000000000000000000e+00
1.000000000000000000e+00
1.000000000000000000e+00
1.000000000000000000e+00
1.000000000000000000e+00
1.000000000000000000e+00
1.000000000000000000e+00
1.000000000000000000e+00
1.000000000000000000e+00
1.000000000000000000e+00
1.000000000000000000e+00
1.000000000000000000e+00
1.000000000000000000e+00
1.000000000000000000e+00
1.000000000000000000e+00
1.000000000000000000e+00
1.000000000000000000e+00
1.000000000000000000e+00
1.000000000000000000e+00
1.000000000000000000e+00
1.000000000000000000e+00
1.000000000000000000e+00
1.000000000000000000e+00
1.000000000000000000e+00
1.000000000000000000e+00
1.000000000000000000e+00
1.000000000000000000e+00
1.000000000000000000e+00
